,,,,,,,,,,,- V EUR,,,,,,,,,- V EUR,,,,,,,,- V EUR,,,,,,,,- V EUR,,,,,,,,- V EUR,,,,,,,,,- V EUR,,,,,,,,,- V EUR,,,,,,,,- V EUR,,,,,,,,- V EUR,,,,,,,,- V EUR,,,,,,,,- V EUR,,,,,,,,- V EUR,,,,,,,,- V EUR,,,,,,,,- V EUR,,,,,,,,- V EUR,,,,,,,,- V EUR,,,,,,,,,- V EUR,,,,,,,,,- V EUR,,,,,,,,,,- V EUR,,,,,,,,,- V EUR,,,,,,,,- V EUR,,,,,,,,,,- V EUR,,,,,,,,,,- V EUR,,,,,,,,- V EUR
,,,01,0101,01019001,01019002,01019003,01019004,02,0201,02019001,0202,02029001,0203,02039001,03,0302,03029001,03029002,0303,03039001,04,0401,04019001,0402,04029001,04029002,0403,04039001,04039002,04039003,05,0502,05029001,06,0601,06019001,06019002,06019003,0602,06029001,06029002,0603,06039001,06039002,07,0703,07039001,07039002,08,0802,08029001,08029002,10,1003,10039001,11,1102,11029001,11029002,11029003,11029004,1103,11039001,11039002,1104,11049001,1105,11059001,12,1202,12029001,1204,12049001,1206,12069001,1207,12079001,13,1302,13029001,13029002,13029003,13029004,13029005,13029006,1303,13039001,1304,13049001,1305,13059001,1306,13069001,14,1401,14019001,1402,14029001,1403,14039001,14039002,15,1501,15019001,1502,15029001,15029002,15029003,1504,15049001,1505,15059001,1506,15069001,16,1602,16029001,16029002,16029003,1603,16039001,16039002,16039003,16039004,16039005,1605,16059001,16059002,16059003,1606,16069001,16069002,17,1702,17029001,1703,17039001,1705,17059001,1706,17069001,1707,17079001,17079002,18,1802,18029001,18029002,1803,18039001,18039002,18039003,18039004,18039005,18039006,1804,18049001,18049002,18049003,18049004,1805,18059001,18059002,19,1902,19029001,19029002,1903,19039001,19039002,19039003,19039004,1904,19049001,19049002,1905,19059001,19059002,1906,19069001,19069002,19069003,19069004,20,2001,20019001,2002,20029001,2004,20049001,20049002,20049003,20049004,20049005,20049006,22,2201,22019001,22019002,23,2302,23029001,23029002,2303,23039001,XXIV.
,,,"01
POLITIČNI SISTEM","01
POLITIČNI SISTEM","01
POLITIČNI SISTEM","01
POLITIČNI SISTEM","01
POLITIČNI SISTEM","01
POLITIČNI SISTEM","02
EKONOMSKA IN FISKALNA ADMINISTRACIJA","02
EKONOMSKA IN FISKALNA ADMINISTRACIJA","02
EKONOMSKA IN FISKALNA ADMINISTRACIJA","02
EKONOMSKA IN FISKALNA ADMINISTRACIJA","02
EKONOMSKA IN FISKALNA ADMINISTRACIJA","02
EKONOMSKA IN FISKALNA ADMINISTRACIJA","02
EKONOMSKA IN FISKALNA ADMINISTRACIJA","03
ZUNANJA POLITIKA IN MEDNARODNA POMOČ","03
ZUNANJA POLITIKA IN MEDNARODNA POMOČ","03
ZUNANJA POLITIKA IN MEDNARODNA POMOČ","03
ZUNANJA POLITIKA IN MEDNARODNA POMOČ","03
ZUNANJA POLITIKA IN MEDNARODNA POMOČ","03
ZUNANJA POLITIKA IN MEDNARODNA POMOČ","04
SKUPNE ADMINISTRATIVNE SLUŽBE IN SPLOŠNE JAVNE STORITVE","04
SKUPNE ADMINISTRATIVNE SLUŽBE IN SPLOŠNE JAVNE STORITVE","04
SKUPNE ADMINISTRATIVNE SLUŽBE IN SPLOŠNE JAVNE STORITVE","04
SKUPNE ADMINISTRATIVNE SLUŽBE IN SPLOŠNE JAVNE STORITVE","04
SKUPNE ADMINISTRATIVNE SLUŽBE IN SPLOŠNE JAVNE STORITVE","04
SKUPNE ADMINISTRATIVNE SLUŽBE IN SPLOŠNE JAVNE STORITVE","04
SKUPNE ADMINISTRATIVNE SLUŽBE IN SPLOŠNE JAVNE STORITVE","04
SKUPNE ADMINISTRATIVNE SLUŽBE IN SPLOŠNE JAVNE STORITVE","04
SKUPNE ADMINISTRATIVNE SLUŽBE IN SPLOŠNE JAVNE STORITVE","04
SKUPNE ADMINISTRATIVNE SLUŽBE IN SPLOŠNE JAVNE STORITVE","05
ZNANOST IN TEHNOLOŠKI RAZVOJ","05
ZNANOST IN TEHNOLOŠKI RAZVOJ","05
ZNANOST IN TEHNOLOŠKI RAZVOJ","06
LOKALNA SAMOUPRAVA","06
LOKALNA SAMOUPRAVA","06
LOKALNA SAMOUPRAVA","06
LOKALNA SAMOUPRAVA","06
LOKALNA SAMOUPRAVA","06
LOKALNA SAMOUPRAVA","06
LOKALNA SAMOUPRAVA","06
LOKALNA SAMOUPRAVA","06
LOKALNA SAMOUPRAVA","06
LOKALNA SAMOUPRAVA","06
LOKALNA SAMOUPRAVA","07
OBRAMBA IN UKREPI OB IZREDNIH DOGODKIH","07
OBRAMBA IN UKREPI OB IZREDNIH DOGODKIH","07
OBRAMBA IN UKREPI OB IZREDNIH DOGODKIH","07
OBRAMBA IN UKREPI OB IZREDNIH DOGODKIH","08
NOTRANJE ZADEVE IN VARNOST","08
NOTRANJE ZADEVE IN VARNOST","08
NOTRANJE ZADEVE IN VARNOST","08
NOTRANJE ZADEVE IN VARNOST","10
TRG DELA IN DELOVNI POGOJI","10
TRG DELA IN DELOVNI POGOJI","10
TRG DELA IN DELOVNI POGOJI","11
KMETIJSTVO, GOZDARSTVO IN RIBIŠTVO","11
KMETIJSTVO, GOZDARSTVO IN RIBIŠTVO","11
KMETIJSTVO, GOZDARSTVO IN RIBIŠTVO","11
KMETIJSTVO, GOZDARSTVO IN RIBIŠTVO","11
KMETIJSTVO, GOZDARSTVO IN RIBIŠTVO","11
KMETIJSTVO, GOZDARSTVO IN RIBIŠTVO","11
KMETIJSTVO, GOZDARSTVO IN RIBIŠTVO","11
KMETIJSTVO, GOZDARSTVO IN RIBIŠTVO","11
KMETIJSTVO, GOZDARSTVO IN RIBIŠTVO","11
KMETIJSTVO, GOZDARSTVO IN RIBIŠTVO","11
KMETIJSTVO, GOZDARSTVO IN RIBIŠTVO","11
KMETIJSTVO, GOZDARSTVO IN RIBIŠTVO","11
KMETIJSTVO, GOZDARSTVO IN RIBIŠTVO","12
PRIDOBIVANJE IN DISTRIBUCIJA ENERGETSKIH SUROVIN","12
PRIDOBIVANJE IN DISTRIBUCIJA ENERGETSKIH SUROVIN","12
PRIDOBIVANJE IN DISTRIBUCIJA ENERGETSKIH SUROVIN","12
PRIDOBIVANJE IN DISTRIBUCIJA ENERGETSKIH SUROVIN","12
PRIDOBIVANJE IN DISTRIBUCIJA ENERGETSKIH SUROVIN","12
PRIDOBIVANJE IN DISTRIBUCIJA ENERGETSKIH SUROVIN","12
PRIDOBIVANJE IN DISTRIBUCIJA ENERGETSKIH SUROVIN","12
PRIDOBIVANJE IN DISTRIBUCIJA ENERGETSKIH SUROVIN","12
PRIDOBIVANJE IN DISTRIBUCIJA ENERGETSKIH SUROVIN","13
PROMET, PROMETNA INFRASTRUKTURA IN KOMUNIKACIJE","13
PROMET, PROMETNA INFRASTRUKTURA IN KOMUNIKACIJE","13
PROMET, PROMETNA INFRASTRUKTURA IN KOMUNIKACIJE","13
PROMET, PROMETNA INFRASTRUKTURA IN KOMUNIKACIJE","13
PROMET, PROMETNA INFRASTRUKTURA IN KOMUNIKACIJE","13
PROMET, PROMETNA INFRASTRUKTURA IN KOMUNIKACIJE","13
PROMET, PROMETNA INFRASTRUKTURA IN KOMUNIKACIJE","13
PROMET, PROMETNA INFRASTRUKTURA IN KOMUNIKACIJE","13
PROMET, PROMETNA INFRASTRUKTURA IN KOMUNIKACIJE","13
PROMET, PROMETNA INFRASTRUKTURA IN KOMUNIKACIJE","13
PROMET, PROMETNA INFRASTRUKTURA IN KOMUNIKACIJE","13
PROMET, PROMETNA INFRASTRUKTURA IN KOMUNIKACIJE","13
PROMET, PROMETNA INFRASTRUKTURA IN KOMUNIKACIJE","13
PROMET, PROMETNA INFRASTRUKTURA IN KOMUNIKACIJE","13
PROMET, PROMETNA INFRASTRUKTURA IN KOMUNIKACIJE","13
PROMET, PROMETNA INFRASTRUKTURA IN KOMUNIKACIJE","14
GOSPODARSTVO","14
GOSPODARSTVO","14
GOSPODARSTVO","14
GOSPODARSTVO","14
GOSPODARSTVO","14
GOSPODARSTVO","14
GOSPODARSTVO","14
GOSPODARSTVO","15
VAROVANJE OKOLJA IN NARAVNE DEDIŠČINE","15
VAROVANJE OKOLJA IN NARAVNE DEDIŠČINE","15
VAROVANJE OKOLJA IN NARAVNE DEDIŠČINE","15
VAROVANJE OKOLJA IN NARAVNE DEDIŠČINE","15
VAROVANJE OKOLJA IN NARAVNE DEDIŠČINE","15
VAROVANJE OKOLJA IN NARAVNE DEDIŠČINE","15
VAROVANJE OKOLJA IN NARAVNE DEDIŠČINE","15
VAROVANJE OKOLJA IN NARAVNE DEDIŠČINE","15
VAROVANJE OKOLJA IN NARAVNE DEDIŠČINE","15
VAROVANJE OKOLJA IN NARAVNE DEDIŠČINE","15
VAROVANJE OKOLJA IN NARAVNE DEDIŠČINE","15
VAROVANJE OKOLJA IN NARAVNE DEDIŠČINE","15
VAROVANJE OKOLJA IN NARAVNE DEDIŠČINE","16
PROSTORSKO PLANIRANJE IN STANOVANJSKO KOMUNALNA DEJAVNOST","16
PROSTORSKO PLANIRANJE IN STANOVANJSKO KOMUNALNA DEJAVNOST","16
PROSTORSKO PLANIRANJE IN STANOVANJSKO KOMUNALNA DEJAVNOST","16
PROSTORSKO PLANIRANJE IN STANOVANJSKO KOMUNALNA DEJAVNOST","16
PROSTORSKO PLANIRANJE IN STANOVANJSKO KOMUNALNA DEJAVNOST","16
PROSTORSKO PLANIRANJE IN STANOVANJSKO KOMUNALNA DEJAVNOST","16
PROSTORSKO PLANIRANJE IN STANOVANJSKO KOMUNALNA DEJAVNOST","16
PROSTORSKO PLANIRANJE IN STANOVANJSKO KOMUNALNA DEJAVNOST","16
PROSTORSKO PLANIRANJE IN STANOVANJSKO KOMUNALNA DEJAVNOST","16
PROSTORSKO PLANIRANJE IN STANOVANJSKO KOMUNALNA DEJAVNOST","16
PROSTORSKO PLANIRANJE IN STANOVANJSKO KOMUNALNA DEJAVNOST","16
PROSTORSKO PLANIRANJE IN STANOVANJSKO KOMUNALNA DEJAVNOST","16
PROSTORSKO PLANIRANJE IN STANOVANJSKO KOMUNALNA DEJAVNOST","16
PROSTORSKO PLANIRANJE IN STANOVANJSKO KOMUNALNA DEJAVNOST","16
PROSTORSKO PLANIRANJE IN STANOVANJSKO KOMUNALNA DEJAVNOST","16
PROSTORSKO PLANIRANJE IN STANOVANJSKO KOMUNALNA DEJAVNOST","16
PROSTORSKO PLANIRANJE IN STANOVANJSKO KOMUNALNA DEJAVNOST","16
PROSTORSKO PLANIRANJE IN STANOVANJSKO KOMUNALNA DEJAVNOST","17
ZDRAVSTVENO VARSTVO","17
ZDRAVSTVENO VARSTVO","17
ZDRAVSTVENO VARSTVO","17
ZDRAVSTVENO VARSTVO","17
ZDRAVSTVENO VARSTVO","17
ZDRAVSTVENO VARSTVO","17
ZDRAVSTVENO VARSTVO","17
ZDRAVSTVENO VARSTVO","17
ZDRAVSTVENO VARSTVO","17
ZDRAVSTVENO VARSTVO","17
ZDRAVSTVENO VARSTVO","17
ZDRAVSTVENO VARSTVO","18
KULTURA, ŠPORT IN NEVLADNE ORGANIZACIJE","18
KULTURA, ŠPORT IN NEVLADNE ORGANIZACIJE","18
KULTURA, ŠPORT IN NEVLADNE ORGANIZACIJE","18
KULTURA, ŠPORT IN NEVLADNE ORGANIZACIJE","18
KULTURA, ŠPORT IN NEVLADNE ORGANIZACIJE","18
KULTURA, ŠPORT IN NEVLADNE ORGANIZACIJE","18
KULTURA, ŠPORT IN NEVLADNE ORGANIZACIJE","18
KULTURA, ŠPORT IN NEVLADNE ORGANIZACIJE","18
KULTURA, ŠPORT IN NEVLADNE ORGANIZACIJE","18
KULTURA, ŠPORT IN NEVLADNE ORGANIZACIJE","18
KULTURA, ŠPORT IN NEVLADNE ORGANIZACIJE","18
KULTURA, ŠPORT IN NEVLADNE ORGANIZACIJE","18
KULTURA, ŠPORT IN NEVLADNE ORGANIZACIJE","18
KULTURA, ŠPORT IN NEVLADNE ORGANIZACIJE","18
KULTURA, ŠPORT IN NEVLADNE ORGANIZACIJE","18
KULTURA, ŠPORT IN NEVLADNE ORGANIZACIJE","18
KULTURA, ŠPORT IN NEVLADNE ORGANIZACIJE","18
KULTURA, ŠPORT IN NEVLADNE ORGANIZACIJE","18
KULTURA, ŠPORT IN NEVLADNE ORGANIZACIJE","19
IZOBRAŽEVANJE","19
IZOBRAŽEVANJE","19
IZOBRAŽEVANJE","19
IZOBRAŽEVANJE","19
IZOBRAŽEVANJE","19
IZOBRAŽEVANJE","19
IZOBRAŽEVANJE","19
IZOBRAŽEVANJE","19
IZOBRAŽEVANJE","19
IZOBRAŽEVANJE","19
IZOBRAŽEVANJE","19
IZOBRAŽEVANJE","19
IZOBRAŽEVANJE","19
IZOBRAŽEVANJE","19
IZOBRAŽEVANJE","19
IZOBRAŽEVANJE","19
IZOBRAŽEVANJE","19
IZOBRAŽEVANJE","19
IZOBRAŽEVANJE","19
IZOBRAŽEVANJE","20
SOCIALNO VARSTVO","20
SOCIALNO VARSTVO","20
SOCIALNO VARSTVO","20
SOCIALNO VARSTVO","20
SOCIALNO VARSTVO","20
SOCIALNO VARSTVO","20
SOCIALNO VARSTVO","20
SOCIALNO VARSTVO","20
SOCIALNO VARSTVO","20
SOCIALNO VARSTVO","20
SOCIALNO VARSTVO","20
SOCIALNO VARSTVO",22 SERVISIRANJE JAVNEGA DOLGA,22 SERVISIRANJE JAVNEGA DOLGA,22 SERVISIRANJE JAVNEGA DOLGA,22 SERVISIRANJE JAVNEGA DOLGA,"23
INTERVENCIJSKI PROGRAMI IN OBVEZNOSTI","23
INTERVENCIJSKI PROGRAMI IN OBVEZNOSTI","23
INTERVENCIJSKI PROGRAMI IN OBVEZNOSTI","23
INTERVENCIJSKI PROGRAMI IN OBVEZNOSTI","23
INTERVENCIJSKI PROGRAMI IN OBVEZNOSTI","23
INTERVENCIJSKI PROGRAMI IN OBVEZNOSTI","SKUPAJ VSA PODROČJA
(OD 01 DO 23)"
,,INVESTICIJSKI ODHODKI (K2=42),,0101 Politični sistem,0101 Politični sistem,0101 Politični sistem,0101 Politični sistem,0101 Politični sistem,,"0201 Makro-ekonomsko planiranje, spremljanje in nadzor","0201 Makro-ekonomsko planiranje, spremljanje in nadzor",0202 Urejanje na področju fiskalne politike,0202 Urejanje na področju fiskalne politike,0203 Fiskalni nadzor,0203 Fiskalni nadzor,,0302 Mednarodno sodelovanje in udeležba,0302 Mednarodno sodelovanje in udeležba,0302 Mednarodno sodelovanje in udeležba,0303 Mednarodna pomoč,0303 Mednarodna pomoč,,0401 Kadrovska uprava,0401 Kadrovska uprava,0402 Informatizacija uprave,0402 Informatizacija uprave,0402 Informatizacija uprave,0403 Druge skupne administrativne službe,0403 Druge skupne administrativne službe,0403 Druge skupne administrativne službe,0403 Druge skupne administrativne službe,,0502 Znanstveno - raziskovalna dejavnost,0502 Znanstveno - raziskovalna dejavnost,,0601 Delovanje na področju lokalne samouprave ter koordinacija vladne in lokalne ravni,0601 Delovanje na področju lokalne samouprave ter koordinacija vladne in lokalne ravni,0601 Delovanje na področju lokalne samouprave ter koordinacija vladne in lokalne ravni,0601 Delovanje na področju lokalne samouprave ter koordinacija vladne in lokalne ravni,"0602 Sofinanciranje dejavnosti občin, ožjih delov občin in zvez občin","0602 Sofinanciranje dejavnosti občin, ožjih delov občin in zvez občin","0602 Sofinanciranje dejavnosti občin, ožjih delov občin in zvez občin",0603 Dejavnost občinske uprave,0603 Dejavnost občinske uprave,0603 Dejavnost občinske uprave,,0703 Varstvo pred naravnimi in drugimi nesrečami,0703 Varstvo pred naravnimi in drugimi nesrečami,0703 Varstvo pred naravnimi in drugimi nesrečami,,0802 Policijska in kriminalistična dejavnost,0802 Policijska in kriminalistična dejavnost,0802 Policijska in kriminalistična dejavnost,,1003 Aktivna politika zaposlovanja,1003 Aktivna politika zaposlovanja,,1102 Program reforme kmetijstva in živilstva,1102 Program reforme kmetijstva in živilstva,1102 Program reforme kmetijstva in živilstva,1102 Program reforme kmetijstva in živilstva,1102 Program reforme kmetijstva in živilstva,1103 Splošne storitve v kmetijstvu,1103 Splošne storitve v kmetijstvu,1103 Splošne storitve v kmetijstvu,1104 Gozdarstvo,1104 Gozdarstvo,1105 Ribištvo,1105 Ribištvo,,"1202 Urejanje, nadzor in oskrba na področju proizvodnje in distribucije električne energije","1202 Urejanje, nadzor in oskrba na področju proizvodnje in distribucije električne energije","1204 Urejanje, nadzor in oskrba na področju predelave in distribucije nafte in zemeljskega plina","1204 Urejanje, nadzor in oskrba na področju predelave in distribucije nafte in zemeljskega plina",1206 Urejanje področja učinkovite rabe in obnovljivih virov energije,1206 Urejanje področja učinkovite rabe in obnovljivih virov energije,"1207 Urejanje, nadzor in oskrba z drugimi vrstami energije","1207 Urejanje, nadzor in oskrba z drugimi vrstami energije",,1302 Cestni promet in infrastruktura,1302 Cestni promet in infrastruktura,1302 Cestni promet in infrastruktura,1302 Cestni promet in infrastruktura,1302 Cestni promet in infrastruktura,1302 Cestni promet in infrastruktura,1302 Cestni promet in infrastruktura,1303 Železniški promet in infrastruktura,1303 Železniški promet in infrastruktura,1304 Letalski promet in infrastruktura,1304 Letalski promet in infrastruktura,1305 Vodni promet in infrastruktura,1305 Vodni promet in infrastruktura,1306 Telekomunikacije in pošta,1306 Telekomunikacije in pošta,,1401 Urejanje in nadzor na področju gospodarstva in varstva potrošnikov,1401 Urejanje in nadzor na področju gospodarstva in varstva potrošnikov,1402 Pospeševanje in podpora gospodarski dejavnosti,1402 Pospeševanje in podpora gospodarski dejavnosti,"1403 Promocija Slovenije, razvoj turizma in gostinstva","1403 Promocija Slovenije, razvoj turizma in gostinstva","1403 Promocija Slovenije, razvoj turizma in gostinstva",,1501 Okoljevarstvene politike in splošne administrativne zadeve,1501 Okoljevarstvene politike in splošne administrativne zadeve,"1502 Zmanjševanje onesnaženja, kontrola in nadzor","1502 Zmanjševanje onesnaženja, kontrola in nadzor","1502 Zmanjševanje onesnaženja, kontrola in nadzor","1502 Zmanjševanje onesnaženja, kontrola in nadzor",1504 Upravljanje in nadzor vodnih virov,1504 Upravljanje in nadzor vodnih virov,1505 Pomoč in podpora ohranjanju narave,1505 Pomoč in podpora ohranjanju narave,1506 Splošne okoljevarstvene storitve,1506 Splošne okoljevarstvene storitve,,1602 Prostorsko in podeželsko planiranje in administracija,1602 Prostorsko in podeželsko planiranje in administracija,1602 Prostorsko in podeželsko planiranje in administracija,1602 Prostorsko in podeželsko planiranje in administracija,1603 Komunalna dejavnost,1603 Komunalna dejavnost,1603 Komunalna dejavnost,1603 Komunalna dejavnost,1603 Komunalna dejavnost,1603 Komunalna dejavnost,1605 Spodbujanje stanovanjske gradnje,1605 Spodbujanje stanovanjske gradnje,1605 Spodbujanje stanovanjske gradnje,1605 Spodbujanje stanovanjske gradnje,"1606 Upravljanje in razpolaganje z zemljišči (javno dobro, kmetijska, gozdna in stavbna zemljišča)","1606 Upravljanje in razpolaganje z zemljišči (javno dobro, kmetijska, gozdna in stavbna zemljišča)","1606 Upravljanje in razpolaganje z zemljišči (javno dobro, kmetijska, gozdna in stavbna zemljišča)",,1702 Primarno zdravstvo,1702 Primarno zdravstvo,1703 Bolnišnično varstvo,1703 Bolnišnično varstvo,1705 Zdravila in ortopedski pripomočki ter lekarniška dejavnost,1705 Zdravila in ortopedski pripomočki ter lekarniška dejavnost,1706 Preventivni programi zdravstvenega varstva,1706 Preventivni programi zdravstvenega varstva,1707 Drugi programi na področju zdravstva,1707 Drugi programi na področju zdravstva,1707 Drugi programi na področju zdravstva,,1802 Ohranjanje kulturne dediščine,1802 Ohranjanje kulturne dediščine,1802 Ohranjanje kulturne dediščine,1803 Programi v kulturi,1803 Programi v kulturi,1803 Programi v kulturi,1803 Programi v kulturi,1803 Programi v kulturi,1803 Programi v kulturi,1803 Programi v kulturi,1804 Podpora posebnim skupinam,1804 Podpora posebnim skupinam,1804 Podpora posebnim skupinam,1804 Podpora posebnim skupinam,1804 Podpora posebnim skupinam,1805 Šport in prostočasne aktivnosti,1805 Šport in prostočasne aktivnosti,1805 Šport in prostočasne aktivnosti,,1902 Varstvo in vzgoja predšolskih otrok,1902 Varstvo in vzgoja predšolskih otrok,1902 Varstvo in vzgoja predšolskih otrok,1903 Primarno in sekundarno izobraževanje,1903 Primarno in sekundarno izobraževanje,1903 Primarno in sekundarno izobraževanje,1903 Primarno in sekundarno izobraževanje,1903 Primarno in sekundarno izobraževanje,1904 Terciarno izobraževanje,1904 Terciarno izobraževanje,1904 Terciarno izobraževanje,1905 Drugi izobraževalni programi,1905 Drugi izobraževalni programi,1905 Drugi izobraževalni programi,1906 Pomoči šolajočim,1906 Pomoči šolajočim,1906 Pomoči šolajočim,1906 Pomoči šolajočim,1906 Pomoči šolajočim,,2001 Urejanje in nadzor sistema socialnega varstva,2001 Urejanje in nadzor sistema socialnega varstva,2002 Varstvo otrok in družine,2002 Varstvo otrok in družine,2004 Izvajanje programov socialnega varstva,2004 Izvajanje programov socialnega varstva,2004 Izvajanje programov socialnega varstva,2004 Izvajanje programov socialnega varstva,2004 Izvajanje programov socialnega varstva,2004 Izvajanje programov socialnega varstva,2004 Izvajanje programov socialnega varstva,,2201 Servisiranje javnega dolga,2201 Servisiranje javnega dolga,2201 Servisiranje javnega dolga,,2302 Posebna proračunska rezerva in programi pomoči v primerih nesreč,2302 Posebna proračunska rezerva in programi pomoči v primerih nesreč,2302 Posebna proračunska rezerva in programi pomoči v primerih nesreč,2303 Splošna proračunska rezervacija,2303 Splošna proračunska rezervacija,
"Zap.
št.",ID,OBČINA,,,01019001 Dejavnost občinskega sveta,01019002 Izvedba in nadzor volitev in referendumov,01019003 Dejavnost župana in podžupanov,01019004 Spremljanje položaja žensk in uresničevanje njihovih pravic,,,02019001 Podlage ekonomske in razvojne politike,,02029001 Urejanje na področju fiskalne politike,,02039001 Dejavnost nadzornega odbora,,,03029001 Članarine mednarodnim organizacijam,03029002 Mednarodno sodelovanje občin,,03039001 Razvojna in humanitarna pomoč,,,04019001 Vodenje kadrovskih zadev,,04029001 Informacijska infrastruktura,04029002 Elektronske storitve,,04039001 Obveščanje domače in tuje javnosti,04039002 Izvedba protokolarnih dogodkov,04039003 Razpolaganje in upravljanje z občinskim premoženjem,,,05029001 Znanstveno - raziskovalna dejavnost,,,06019001 Priprava strokovnih podlag s področja lokalne samouprave ter strokovna pomoč lokalnim organom in službam,06019002 Nacionalno združenje lokalnih skupnosti,06019003 Povezovanje lokalnih skupnosti,,06029001 Delovanje ožjih delov občin,06029002 Delovanje zvez občin,,06039001 Administracija občinske uprave,"06039002 Razpolaganje in upravljanje s premoženjem, potrebnim za delovanje občinske uprave",,,"07039001 Pripravljenost sistema za zaščito, reševanje in pomoč","07039002 Delovanje sistema za zaščito, reševanje in pomoč",,,08029001 Prometna varnost,08029002 Notranja varnost,,,10039001 Povečanje zaposljivosti,,,11029001 Strukturni ukrepi v kmetijstvu in živilstvu,11029002 Razvoj in prilagajanje podeželskih območij,11029003 Zemljiške operacije,11029004 Ukrepi za stabilizacijo trga,,11039001 Delovanje služb in javnih zavodov,11039002 Zdravstveno varstvo rastlin in živali,,11049001 Vzdrževanje in gradnja gozdnih cest,,11059001 Program razvoja ribištva,,,12029001 Oskrba z električno energijo,,12049001 Oskrba s plinom,,12069001 Spodbujanje rabe obnovljivih virov energije,,12079001 Oskrba s toplotno energijo,,,13029001 Upravljanje in tekoče vzdrževanje občinskih cest,13029002 Investicijsko vzdrževanje in gradnja občinskih cest,13029003 Urejanje cestnega prometa,13029004 Cestna razsvetljava,13029005 Upravljanje in tekoče vzdrževanje državnih cest,13029006 Investicijsko vzdrževanje in gradnja državnih cest,,13039001 Investicijsko vzdrževanje in gradnja javne železniške infrastrukture,,13049001 Letališka infrastruktura in oprema navigacijskih služb,,13059001 Investicije v pristaniško infrastrukturo in varnost plovbe,,13069001 Investicijska vlaganja v telekomunikacijsko omrežje,,,14019001 Varstvo potrošnikov,,14029001 Spodbujanje razvoja malega gospodarstva,,14039001 Promocija občine,14039002 Spodbujanje razvoja turizma in gostinstva,,,"15019001 Regulatorni okvir, splošna administracija in oblikovanje politike",,15029001 Zbiranje in ravnanje z odpadki,15029002 Ravnanje z odpadno vodo,15029003 Izboljšanje stanja okolja,,"15049001 Načrtovanje, varstvo in urejanje voda",,15059001 Ohranjanje biotske raznovrstnosti in varstvo naravnih vrednot,,15069001 Informacijski sistem varstva okolja in narave,,,16029001 Urejanje in nadzor na področju geodetskih evidenc,"16029002 Nadzor nad prostorom, onesnaževanjem okolja in narave",16029003 Prostorsko načrtovanje,,16039001 Oskrba z vodo,16039002 Urejanje pokopališč in pogrebna dejavnost,16039003 Objekti za rekreacijo,16039004 Praznično urejanje naselij,16039005 Druge komunalne dejavnosti,,16059001 Podpora individualni stanovanjski gradnji,16059002 Spodbujanje stanovanjske gradnje,16059003 Drugi programi na stanovanjskem področju,,16069001 Urejanje občinskih zemljišč,16069002 Nakup zemljišč,,,17029001 Dejavnost zdravstvenih domov,,17039001 Investicijska vlaganja v bolnišnice,,17059001 Lekarniška dejavnost,,17069001 Spremljanje zdravstvenega stanja in aktivnosti promocije zdravja,,17079001 Nujno zdravstveno varstvo,17079002 Mrliško ogledna služba,,,18029001 Nepremična kulturna dediščina,18029002 Premična kulturna dediščina,,18039001 Knjižničarstvo in založništvo,18039002 Umetniški programi,18039003 Ljubiteljska kultura,18039004 Mediji in avdiovizualna kultura,18039005 Drugi programi v kulturi,"18039006 Zoološki in botanični vrtovi, akvariji, arboretumi ipd.",,18049001 Programi veteranskih organizacij,18049002 Podpora duhovnikom in verskim skupnostim,18049003 Podpora narodnostnim skupnostim,18049004 Programi drugih posebnih skupin,,18059001 Programi športa,18059002 Programi za mladino,,,19029001 Vrtci,19029002 Druge oblike varstva in vzgoje otrok,,19039001 Osnovno šolstvo,19039002 Glasbeno šolstvo,19039003 Splošno srednje in poklicno šolstvo,19039004 Podporne storitve v primarnem in sekundarnem izobraževanju,,19049001 Višješolsko izobraževanje,19049002 Visokošolsko izobraževanje,,19059001 Izobraževanje odraslih,19059002 Druge oblike izobraževanja,,19069001 Pomoči v osnovnem šolstvu,19069002 Pomoči v srednjem šolstvu,19069003 Štipendije,19069004 Študijske pomoči,,,20019001 Urejanje sistema socialnega varstva,,20029001 Drugi programi v pomoč družini,,20049001 Centri za socialno delo,20049002 Socialno varstvo invalidov,20049003 Socialno varstvo starih,20049004 Socialno varstvo materialno ogroženih,20049005 Socialno varstvo zasvojenih,20049006 Socialno varstvo drugih ranljivih skupin,,,22019001 Obveznosti iz naslova financiranja izvrševanja proračuna - domače zadolževanje,22019002 Stroški financiranja in upravljanja z dolgom,,,23029001 Rezerva občine,23029002 Posebni programi pomoči v primerih nesreč,,23039001 Splošna proračunska rezervacija,
1.,1 ,OBČINA AJDOVŠČINA,"0,00 ","0,00 ","0,00 ","0,00 ","0,00 ","0,00 ","0,00 ","0,00 ","0,00 ","0,00 ","0,00 ","0,00 ","0,00 ","0,00 ","0,00 ","0,00 ","0,00 ","0,00 ","0,00 ","457.843,19 ","0,00 ","0,00 ","0,00 ","0,00 ","0,00 ","457.843,19 ","0,00 ","0,00 ","457.843,19 ","0,00 ","0,00 ","0,00 ","50.955,18 ","8.340,00 ","0,00 ","0,00 ","8.340,00 ","0,00 ","0,00 ","0,00 ","42.615,18 ","5.551,46 ","37.063,72 ","71.433,12 ","71.433,12 ","28.923,12 ","42.510,00 ","0,00 ","0,00 ","0,00 ","0,00 ","0,00 ","0,00 ","0,00 ","10.037,01 ","8.000,00 ","0,00 ","0,00 ","8.000,00 ","0,00 ","0,00 ","0,00 ","0,00 ","2.037,01 ","2.037,01 ","0,00 ","0,00 ","0,00 ","0,00 ","0,00 ","0,00 ","0,00 ","0,00 ","0,00 ","0,00 ","0,00 ","866.876,53 ","866.876,53 ","75.728,11 ","650.127,05 ","1.717,39 ","102.047,08 ","0,00 ","37.256,90 ","0,00 ","0,00 ","0,00 ","0,00 ","0,00 ","0,00 ","0,00 ","0,00 ","2.038.192,79 ","0,00 ","0,00 ","1.972.244,99 ","1.972.244,99 ","65.947,80 ","0,00 ","65.947,80 ","156.643,14 ","0,00 ","0,00 ","156.643,14 ","0,00 ","156.643,14 ","0,00 ","0,00 ","0,00 ","0,00 ","0,00 ","0,00 ","0,00 ","950.040,16 ","0,00 ","0,00 ","0,00 ","0,00 ","515.071,19 ","32.853,27 ","468.349,52 ","10.916,40 ","0,00 ","2.952,00 ","203.633,53 ","0,00 ","203.633,53 ","0,00 ","231.335,44 ","0,00 ","231.335,44 ","0,00 ","0,00 ","0,00 ","0,00 ","0,00 ","0,00 ","0,00 ","0,00 ","0,00 ","0,00 ","0,00 ","0,00 ","212.603,02 ","17.740,24 ","17.740,24 ","0,00 ","6.021,80 ","0,00 ","0,00 ","0,00 ","0,00 ","6.021,80 ","0,00 ","0,00 ","0,00 ","0,00 ","0,00 ","0,00 ","188.840,98 ","188.840,98 ","0,00 ","1.137.931,18 ","0,00 ","0,00 ","0,00 ","1.137.671,98 ","1.137.671,98 ","0,00 ","0,00 ","0,00 ","259,20 ","0,00 ","259,20 ","0,00 ","0,00 ","0,00 ","0,00 ","0,00 ","0,00 ","0,00 ","0,00 ","0,00 ","0,00 ","0,00 ","0,00 ","0,00 ","0,00 ","0,00 ","0,00 ","0,00 ","0,00 ","0,00 ","0,00 ","0,00 ","0,00 ","0,00 ","0,00 ","0,00 ","0,00 ","0,00 ","0,00 ","0,00 ","0,00 ","5.952.555,32 "
2.,195 ,OBČINA APAČE,"0,00 ","0,00 ","0,00 ","0,00 ","0,00 ","0,00 ","0,00 ","0,00 ","0,00 ","0,00 ","0,00 ","0,00 ","0,00 ","0,00 ","0,00 ","0,00 ","0,00 ","0,00 ","0,00 ","0,00 ","0,00 ","0,00 ","0,00 ","0,00 ","0,00 ","0,00 ","0,00 ","0,00 ","0,00 ","0,00 ","0,00 ","0,00 ","16.705,05 ","0,00 ","0,00 ","0,00 ","0,00 ","0,00 ","0,00 ","0,00 ","16.705,05 ","0,00 ","16.705,05 ","1.300,00 ","1.300,00 ","0,00 ","1.300,00 ","0,00 ","0,00 ","0,00 ","0,00 ","0,00 ","0,00 ","0,00 ","0,00 ","0,00 ","0,00 ","0,00 ","0,00 ","0,00 ","0,00 ","0,00 ","0,00 ","0,00 ","0,00 ","0,00 ","0,00 ","0,00 ","0,00 ","0,00 ","0,00 ","0,00 ","0,00 ","0,00 ","0,00 ","0,00 ","13.042,46 ","3.082,46 ","0,00 ","0,00 ","3.082,46 ","0,00 ","0,00 ","0,00 ","0,00 ","0,00 ","0,00 ","0,00 ","0,00 ","0,00 ","9.960,00 ","9.960,00 ","348.549,81 ","0,00 ","0,00 ","0,00 ","0,00 ","348.549,81 ","0,00 ","348.549,81 ","8.532,00 ","0,00 ","0,00 ","8.532,00 ","0,00 ","8.532,00 ","0,00 ","0,00 ","0,00 ","0,00 ","0,00 ","0,00 ","0,00 ","493.159,85 ","45.777,60 ","0,00 ","0,00 ","45.777,60 ","383.670,24 ","344.009,44 ","0,00 ","0,00 ","0,00 ","39.660,80 ","59.527,11 ","0,00 ","59.527,11 ","0,00 ","4.184,90 ","0,00 ","4.184,90 ","0,00 ","0,00 ","0,00 ","0,00 ","0,00 ","0,00 ","0,00 ","0,00 ","0,00 ","0,00 ","0,00 ","0,00 ","7.866,13 ","7.866,13 ","7.866,13 ","0,00 ","0,00 ","0,00 ","0,00 ","0,00 ","0,00 ","0,00 ","0,00 ","0,00 ","0,00 ","0,00 ","0,00 ","0,00 ","0,00 ","0,00 ","0,00 ","0,00 ","0,00 ","0,00 ","0,00 ","0,00 ","0,00 ","0,00 ","0,00 ","0,00 ","0,00 ","0,00 ","0,00 ","0,00 ","0,00 ","0,00 ","0,00 ","0,00 ","0,00 ","0,00 ","0,00 ","0,00 ","0,00 ","0,00 ","0,00 ","0,00 ","0,00 ","0,00 ","0,00 ","0,00 ","0,00 ","0,00 ","0,00 ","0,00 ","0,00 ","0,00 ","0,00 ","0,00 ","0,00 ","0,00 ","0,00 ","0,00 ","0,00 ","889.155,30 "
3.,2 ,OBČINA BELTINCI,"0,00 ","0,00 ","0,00 ","0,00 ","0,00 ","0,00 ","0,00 ","0,00 ","0,00 ","0,00 ","0,00 ","0,00 ","0,00 ","0,00 ","0,00 ","0,00 ","0,00 ","0,00 ","0,00 ","5.724,04 ","0,00 ","0,00 ","2.970,04 ","2.970,04 ","0,00 ","2.754,00 ","0,00 ","0,00 ","2.754,00 ","0,00 ","0,00 ","0,00 ","26.364,24 ","0,00 ","0,00 ","0,00 ","0,00 ","1.372,80 ","1.372,80 ","0,00 ","24.991,44 ","0,00 ","24.991,44 ","0,00 ","0,00 ","0,00 ","0,00 ","0,00 ","0,00 ","0,00 ","0,00 ","0,00 ","0,00 ","0,00 ","23.570,18 ","0,00 ","0,00 ","0,00 ","0,00 ","0,00 ","0,00 ","0,00 ","0,00 ","0,00 ","0,00 ","23.570,18 ","23.570,18 ","0,00 ","0,00 ","0,00 ","0,00 ","0,00 ","0,00 ","0,00 ","0,00 ","0,00 ","222.825,95 ","222.825,95 ","0,00 ","200.833,94 ","21.992,01 ","0,00 ","0,00 ","0,00 ","0,00 ","0,00 ","0,00 ","0,00 ","0,00 ","0,00 ","0,00 ","0,00 ","16.659,20 ","0,00 ","0,00 ","0,00 ","0,00 ","16.659,20 ","0,00 ","16.659,20 ","1.061.923,54 ","0,00 ","0,00 ","1.061.923,54 ","26.498,43 ","1.035.425,11 ","0,00 ","0,00 ","0,00 ","0,00 ","0,00 ","0,00 ","0,00 ","116.051,82 ","0,00 ","0,00 ","0,00 ","0,00 ","0,00 ","0,00 ","0,00 ","0,00 ","0,00 ","0,00 ","0,00 ","0,00 ","0,00 ","0,00 ","116.051,82 ","56.671,97 ","59.379,85 ","0,00 ","0,00 ","0,00 ","0,00 ","0,00 ","0,00 ","0,00 ","0,00 ","0,00 ","0,00 ","0,00 ","0,00 ","40.800,00 ","0,00 ","0,00 ","0,00 ","0,00 ","0,00 ","0,00 ","0,00 ","0,00 ","0,00 ","0,00 ","0,00 ","0,00 ","0,00 ","0,00 ","0,00 ","40.800,00 ","0,00 ","40.800,00 ","0,00 ","0,00 ","0,00 ","0,00 ","0,00 ","0,00 ","0,00 ","0,00 ","0,00 ","0,00 ","0,00 ","0,00 ","0,00 ","0,00 ","0,00 ","0,00 ","0,00 ","0,00 ","0,00 ","0,00 ","0,00 ","0,00 ","0,00 ","0,00 ","0,00 ","0,00 ","0,00 ","0,00 ","0,00 ","0,00 ","0,00 ","0,00 ","0,00 ","0,00 ","0,00 ","0,00 ","0,00 ","0,00 ","0,00 ","0,00 ","0,00 ","0,00 ","1.513.918,97 "
4.,148 ,OBČINA BENEDIKT,"0,00 ","0,00 ","0,00 ","0,00 ","0,00 ","0,00 ","0,00 ","0,00 ","0,00 ","0,00 ","0,00 ","0,00 ","0,00 ","0,00 ","0,00 ","0,00 ","0,00 ","0,00 ","0,00 ","0,00 ","0,00 ","0,00 ","0,00 ","0,00 ","0,00 ","0,00 ","0,00 ","0,00 ","0,00 ","0,00 ","0,00 ","0,00 ","9.849,56 ","0,00 ","0,00 ","0,00 ","0,00 ","0,00 ","0,00 ","0,00 ","9.849,56 ","0,00 ","9.849,56 ","4.000,00 ","4.000,00 ","4.000,00 ","0,00 ","0,00 ","0,00 ","0,00 ","0,00 ","0,00 ","0,00 ","0,00 ","0,00 ","0,00 ","0,00 ","0,00 ","0,00 ","0,00 ","0,00 ","0,00 ","0,00 ","0,00 ","0,00 ","0,00 ","0,00 ","4.269,26 ","4.269,26 ","4.269,26 ","0,00 ","0,00 ","0,00 ","0,00 ","0,00 ","0,00 ","553.622,64 ","553.622,64 ","0,00 ","553.622,64 ","0,00 ","0,00 ","0,00 ","0,00 ","0,00 ","0,00 ","0,00 ","0,00 ","0,00 ","0,00 ","0,00 ","0,00 ","1.288,26 ","0,00 ","0,00 ","0,00 ","0,00 ","1.288,26 ","0,00 ","1.288,26 ","21.885,07 ","0,00 ","0,00 ","21.885,07 ","0,00 ","21.885,07 ","0,00 ","0,00 ","0,00 ","0,00 ","0,00 ","0,00 ","0,00 ","63.756,18 ","18.976,74 ","0,00 ","0,00 ","18.976,74 ","1.614,99 ","1.614,99 ","0,00 ","0,00 ","0,00 ","0,00 ","6.648,17 ","0,00 ","3.000,00 ","3.648,17 ","36.516,28 ","36.516,28 ","0,00 ","0,00 ","0,00 ","0,00 ","0,00 ","0,00 ","0,00 ","0,00 ","0,00 ","0,00 ","0,00 ","0,00 ","0,00 ","0,00 ","0,00 ","0,00 ","0,00 ","0,00 ","0,00 ","0,00 ","0,00 ","0,00 ","0,00 ","0,00 ","0,00 ","0,00 ","0,00 ","0,00 ","0,00 ","0,00 ","0,00 ","0,00 ","244.851,21 ","0,00 ","0,00 ","0,00 ","244.851,21 ","244.851,21 ","0,00 ","0,00 ","0,00 ","0,00 ","0,00 ","0,00 ","0,00 ","0,00 ","0,00 ","0,00 ","0,00 ","0,00 ","0,00 ","0,00 ","0,00 ","0,00 ","0,00 ","0,00 ","0,00 ","0,00 ","0,00 ","0,00 ","0,00 ","0,00 ","0,00 ","0,00 ","0,00 ","0,00 ","0,00 ","0,00 ","0,00 ","0,00 ","0,00 ","0,00 ","0,00 ","0,00 ","903.522,18 "
5.,149 ,OBČINA BISTRICA OB SOTLI,"0,00 ","0,00 ","0,00 ","0,00 ","0,00 ","0,00 ","0,00 ","0,00 ","0,00 ","0,00 ","0,00 ","0,00 ","0,00 ","0,00 ","0,00 ","0,00 ","0,00 ","0,00 ","0,00 ","0,00 ","0,00 ","0,00 ","0,00 ","0,00 ","0,00 ","0,00 ","0,00 ","0,00 ","0,00 ","0,00 ","0,00 ","0,00 ","5.384,93 ","0,00 ","0,00 ","0,00 ","0,00 ","0,00 ","0,00 ","0,00 ","5.384,93 ","0,00 ","5.384,93 ","0,00 ","0,00 ","0,00 ","0,00 ","0,00 ","0,00 ","0,00 ","0,00 ","0,00 ","0,00 ","0,00 ","8.357,39 ","5.347,60 ","0,00 ","5.347,60 ","0,00 ","0,00 ","0,00 ","0,00 ","0,00 ","3.009,79 ","3.009,79 ","0,00 ","0,00 ","0,00 ","0,00 ","0,00 ","0,00 ","0,00 ","0,00 ","0,00 ","0,00 ","0,00 ","526.906,02 ","526.906,02 ","0,00 ","526.906,02 ","0,00 ","0,00 ","0,00 ","0,00 ","0,00 ","0,00 ","0,00 ","0,00 ","0,00 ","0,00 ","0,00 ","0,00 ","0,00 ","0,00 ","0,00 ","0,00 ","0,00 ","0,00 ","0,00 ","0,00 ","88.038,85 ","0,00 ","0,00 ","88.038,85 ","0,00 ","88.038,85 ","0,00 ","0,00 ","0,00 ","0,00 ","0,00 ","0,00 ","0,00 ","24.394,90 ","1.200,00 ","0,00 ","0,00 ","1.200,00 ","5.578,00 ","1.801,92 ","0,00 ","0,00 ","0,00 ","3.776,08 ","7.860,90 ","0,00 ","0,00 ","7.860,90 ","9.756,00 ","0,00 ","9.756,00 ","650,47 ","650,47 ","650,47 ","0,00 ","0,00 ","0,00 ","0,00 ","0,00 ","0,00 ","0,00 ","0,00 ","0,00 ","100.973,47 ","0,00 ","0,00 ","0,00 ","97.685,33 ","0,00 ","0,00 ","0,00 ","0,00 ","97.685,33 ","0,00 ","0,00 ","0,00 ","0,00 ","0,00 ","0,00 ","3.288,14 ","3.288,14 ","0,00 ","22.321,12 ","0,00 ","0,00 ","0,00 ","22.321,12 ","22.321,12 ","0,00 ","0,00 ","0,00 ","0,00 ","0,00 ","0,00 ","0,00 ","0,00 ","0,00 ","0,00 ","0,00 ","0,00 ","0,00 ","0,00 ","0,00 ","0,00 ","0,00 ","0,00 ","0,00 ","0,00 ","0,00 ","0,00 ","0,00 ","0,00 ","0,00 ","0,00 ","0,00 ","0,00 ","0,00 ","0,00 ","0,00 ","0,00 ","0,00 ","0,00 ","0,00 ","0,00 ","777.027,15 "
6.,3 ,OBČINA BLED,"0,00 ","0,00 ","0,00 ","0,00 ","0,00 ","0,00 ","0,00 ","0,00 ","0,00 ","0,00 ","0,00 ","0,00 ","0,00 ","0,00 ","0,00 ","0,00 ","0,00 ","0,00 ","0,00 ","126.960,03 ","0,00 ","0,00 ","17.755,64 ","17.755,64 ","0,00 ","109.204,39 ","0,00 ","0,00 ","109.204,39 ","0,00 ","0,00 ","0,00 ","6.786,54 ","0,00 ","0,00 ","0,00 ","0,00 ","2.808,04 ","2.808,04 ","0,00 ","3.978,50 ","0,00 ","3.978,50 ","8.346,00 ","8.346,00 ","0,00 ","8.346,00 ","6.391,42 ","6.391,42 ","6.391,42 ","0,00 ","0,00 ","0,00 ","0,00 ","996,00 ","0,00 ","0,00 ","0,00 ","0,00 ","0,00 ","0,00 ","0,00 ","0,00 ","996,00 ","996,00 ","0,00 ","0,00 ","0,00 ","0,00 ","0,00 ","0,00 ","0,00 ","0,00 ","0,00 ","0,00 ","0,00 ","198.634,38 ","198.634,38 ","0,00 ","117.665,16 ","1.980,00 ","78.989,22 ","0,00 ","0,00 ","0,00 ","0,00 ","0,00 ","0,00 ","0,00 ","0,00 ","0,00 ","0,00 ","1.139.353,96 ","0,00 ","0,00 ","3.488,83 ","3.488,83 ","1.135.865,13 ","0,00 ","1.135.865,13 ","1.344.621,24 ","0,00 ","0,00 ","1.344.621,24 ","50.169,87 ","1.294.451,37 ","0,00 ","0,00 ","0,00 ","0,00 ","0,00 ","0,00 ","0,00 ","145.941,77 ","21.350,14 ","0,00 ","0,00 ","21.350,14 ","53.444,23 ","26.909,83 ","6.877,82 ","0,00 ","0,00 ","19.656,58 ","6.000,00 ","0,00 ","6.000,00 ","0,00 ","65.147,40 ","0,00 ","65.147,40 ","8.000,00 ","8.000,00 ","8.000,00 ","0,00 ","0,00 ","0,00 ","0,00 ","0,00 ","0,00 ","0,00 ","0,00 ","0,00 ","37.984,14 ","18.171,00 ","18.171,00 ","0,00 ","4.829,14 ","0,00 ","0,00 ","0,00 ","0,00 ","4.829,14 ","0,00 ","0,00 ","0,00 ","0,00 ","0,00 ","0,00 ","14.984,00 ","14.984,00 ","0,00 ","94.172,80 ","0,00 ","0,00 ","0,00 ","94.172,80 ","94.172,80 ","0,00 ","0,00 ","0,00 ","0,00 ","0,00 ","0,00 ","0,00 ","0,00 ","0,00 ","0,00 ","0,00 ","0,00 ","0,00 ","0,00 ","0,00 ","0,00 ","0,00 ","0,00 ","0,00 ","0,00 ","0,00 ","0,00 ","0,00 ","0,00 ","0,00 ","0,00 ","0,00 ","0,00 ","0,00 ","0,00 ","0,00 ","0,00 ","0,00 ","0,00 ","0,00 ","0,00 ","3.118.188,28 "
7.,150 ,OBČINA BLOKE,"0,00 ","0,00 ","0,00 ","0,00 ","0,00 ","0,00 ","0,00 ","0,00 ","0,00 ","0,00 ","0,00 ","0,00 ","0,00 ","0,00 ","0,00 ","0,00 ","0,00 ","0,00 ","0,00 ","0,00 ","0,00 ","0,00 ","0,00 ","0,00 ","0,00 ","0,00 ","0,00 ","0,00 ","0,00 ","0,00 ","0,00 ","0,00 ","3.834,72 ","0,00 ","0,00 ","0,00 ","0,00 ","0,00 ","0,00 ","0,00 ","3.834,72 ","0,00 ","3.834,72 ","0,00 ","0,00 ","0,00 ","0,00 ","0,00 ","0,00 ","0,00 ","0,00 ","0,00 ","0,00 ","0,00 ","0,00 ","0,00 ","0,00 ","0,00 ","0,00 ","0,00 ","0,00 ","0,00 ","0,00 ","0,00 ","0,00 ","0,00 ","0,00 ","0,00 ","0,00 ","0,00 ","0,00 ","0,00 ","0,00 ","0,00 ","0,00 ","0,00 ","240.388,41 ","234.818,29 ","0,00 ","224.569,74 ","0,00 ","10.248,55 ","0,00 ","0,00 ","0,00 ","0,00 ","0,00 ","0,00 ","0,00 ","0,00 ","5.570,12 ","5.570,12 ","1.360,75 ","0,00 ","0,00 ","0,00 ","0,00 ","1.360,75 ","0,00 ","1.360,75 ","511.000,16 ","0,00 ","0,00 ","511.000,16 ","0,00 ","511.000,16 ","0,00 ","0,00 ","0,00 ","0,00 ","0,00 ","0,00 ","0,00 ","114.196,20 ","5.208,00 ","0,00 ","5.208,00 ","0,00 ","63.907,79 ","63.907,79 ","0,00 ","0,00 ","0,00 ","0,00 ","31.033,81 ","0,00 ","31.033,81 ","0,00 ","14.046,60 ","0,00 ","14.046,60 ","0,00 ","0,00 ","0,00 ","0,00 ","0,00 ","0,00 ","0,00 ","0,00 ","0,00 ","0,00 ","0,00 ","0,00 ","2.970,00 ","0,00 ","0,00 ","0,00 ","0,00 ","0,00 ","0,00 ","0,00 ","0,00 ","0,00 ","0,00 ","0,00 ","0,00 ","0,00 ","0,00 ","0,00 ","2.970,00 ","2.970,00 ","0,00 ","1.429,20 ","0,00 ","0,00 ","0,00 ","1.429,20 ","1.429,20 ","0,00 ","0,00 ","0,00 ","0,00 ","0,00 ","0,00 ","0,00 ","0,00 ","0,00 ","0,00 ","0,00 ","0,00 ","0,00 ","0,00 ","0,00 ","0,00 ","0,00 ","0,00 ","0,00 ","0,00 ","0,00 ","0,00 ","0,00 ","0,00 ","0,00 ","0,00 ","0,00 ","0,00 ","0,00 ","0,00 ","0,00 ","0,00 ","0,00 ","0,00 ","0,00 ","0,00 ","875.179,44 "
8.,4 ,OBČINA BOHINJ,"0,00 ","0,00 ","0,00 ","0,00 ","0,00 ","0,00 ","0,00 ","0,00 ","0,00 ","0,00 ","0,00 ","0,00 ","0,00 ","0,00 ","0,00 ","0,00 ","0,00 ","0,00 ","0,00 ","94.253,16 ","0,00 ","0,00 ","94.253,16 ","94.253,16 ","0,00 ","0,00 ","0,00 ","0,00 ","0,00 ","0,00 ","0,00 ","0,00 ","85.835,35 ","0,00 ","0,00 ","0,00 ","0,00 ","31.714,66 ","31.714,66 ","0,00 ","54.120,69 ","4.749,84 ","49.370,85 ","0,00 ","0,00 ","0,00 ","0,00 ","0,00 ","0,00 ","0,00 ","0,00 ","0,00 ","0,00 ","0,00 ","0,00 ","0,00 ","0,00 ","0,00 ","0,00 ","0,00 ","0,00 ","0,00 ","0,00 ","0,00 ","0,00 ","0,00 ","0,00 ","0,00 ","0,00 ","0,00 ","0,00 ","0,00 ","0,00 ","0,00 ","0,00 ","0,00 ","437.075,86 ","437.075,86 ","0,00 ","324.686,81 ","72.590,57 ","39.798,48 ","0,00 ","0,00 ","0,00 ","0,00 ","0,00 ","0,00 ","0,00 ","0,00 ","0,00 ","0,00 ","19.999,20 ","0,00 ","0,00 ","0,00 ","0,00 ","19.999,20 ","0,00 ","19.999,20 ","1.814.315,70 ","0,00 ","0,00 ","1.809.335,70 ","0,00 ","1.791.677,35 ","17.658,35 ","0,00 ","0,00 ","4.980,00 ","4.980,00 ","0,00 ","0,00 ","433.578,49 ","117.121,25 ","0,00 ","0,00 ","117.121,25 ","238.617,32 ","234.617,32 ","4.000,00 ","0,00 ","0,00 ","0,00 ","29.871,80 ","0,00 ","0,00 ","29.871,80 ","47.968,12 ","0,00 ","47.968,12 ","0,00 ","0,00 ","0,00 ","0,00 ","0,00 ","0,00 ","0,00 ","0,00 ","0,00 ","0,00 ","0,00 ","0,00 ","188.053,41 ","0,00 ","0,00 ","0,00 ","170.000,00 ","170.000,00 ","0,00 ","0,00 ","0,00 ","0,00 ","0,00 ","0,00 ","0,00 ","0,00 ","0,00 ","0,00 ","18.053,41 ","18.053,41 ","0,00 ","270.020,00 ","10.028,00 ","10.028,00 ","0,00 ","259.992,00 ","259.992,00 ","0,00 ","0,00 ","0,00 ","0,00 ","0,00 ","0,00 ","0,00 ","0,00 ","0,00 ","0,00 ","0,00 ","0,00 ","0,00 ","0,00 ","0,00 ","0,00 ","0,00 ","0,00 ","0,00 ","0,00 ","0,00 ","0,00 ","0,00 ","0,00 ","0,00 ","0,00 ","0,00 ","0,00 ","0,00 ","0,00 ","369.124,09 ","369.124,09 ","0,00 ","369.124,09 ","0,00 ","0,00 ","3.712.255,26 "
9.,5 ,OBČINA BOROVNICA,"0,00 ","0,00 ","0,00 ","0,00 ","0,00 ","0,00 ","0,00 ","0,00 ","0,00 ","0,00 ","0,00 ","0,00 ","0,00 ","0,00 ","0,00 ","0,00 ","0,00 ","0,00 ","0,00 ","0,00 ","0,00 ","0,00 ","0,00 ","0,00 ","0,00 ","0,00 ","0,00 ","0,00 ","0,00 ","0,00 ","0,00 ","0,00 ","6.265,70 ","1.462,51 ","0,00 ","0,00 ","1.462,51 ","0,00 ","0,00 ","0,00 ","4.803,19 ","0,00 ","4.803,19 ","18.878,46 ","18.878,46 ","7.138,46 ","11.740,00 ","0,00 ","0,00 ","0,00 ","0,00 ","0,00 ","0,00 ","0,00 ","0,00 ","0,00 ","0,00 ","0,00 ","0,00 ","0,00 ","0,00 ","0,00 ","0,00 ","0,00 ","0,00 ","0,00 ","0,00 ","0,00 ","0,00 ","0,00 ","0,00 ","0,00 ","0,00 ","0,00 ","0,00 ","0,00 ","38.247,79 ","38.247,79 ","0,00 ","35.967,79 ","2.280,00 ","0,00 ","0,00 ","0,00 ","0,00 ","0,00 ","0,00 ","0,00 ","0,00 ","0,00 ","0,00 ","0,00 ","0,00 ","0,00 ","0,00 ","0,00 ","0,00 ","0,00 ","0,00 ","0,00 ","212.255,76 ","0,00 ","0,00 ","212.255,76 ","0,00 ","212.255,76 ","0,00 ","0,00 ","0,00 ","0,00 ","0,00 ","0,00 ","0,00 ","235.691,02 ","30.136,88 ","1.020,00 ","0,00 ","29.116,88 ","101.797,95 ","57.567,85 ","27.710,90 ","0,00 ","0,00 ","16.519,20 ","6.771,49 ","0,00 ","6.771,49 ","0,00 ","96.984,70 ","0,00 ","96.984,70 ","0,00 ","0,00 ","0,00 ","0,00 ","0,00 ","0,00 ","0,00 ","0,00 ","0,00 ","0,00 ","0,00 ","0,00 ","50.234,07 ","0,00 ","0,00 ","0,00 ","19.693,00 ","0,00 ","0,00 ","0,00 ","0,00 ","19.693,00 ","0,00 ","0,00 ","0,00 ","0,00 ","0,00 ","0,00 ","30.541,07 ","30.541,07 ","0,00 ","5.647,26 ","0,00 ","0,00 ","0,00 ","5.647,26 ","5.647,26 ","0,00 ","0,00 ","0,00 ","0,00 ","0,00 ","0,00 ","0,00 ","0,00 ","0,00 ","0,00 ","0,00 ","0,00 ","0,00 ","0,00 ","0,00 ","0,00 ","0,00 ","0,00 ","0,00 ","0,00 ","0,00 ","0,00 ","0,00 ","0,00 ","0,00 ","0,00 ","0,00 ","0,00 ","0,00 ","0,00 ","0,00 ","0,00 ","0,00 ","0,00 ","0,00 ","0,00 ","567.220,06 "
10.,6 ,OBČINA BOVEC,"0,00 ","0,00 ","0,00 ","0,00 ","0,00 ","0,00 ","0,00 ","0,00 ","0,00 ","0,00 ","0,00 ","0,00 ","0,00 ","0,00 ","0,00 ","0,00 ","0,00 ","0,00 ","0,00 ","0,00 ","0,00 ","0,00 ","0,00 ","0,00 ","0,00 ","0,00 ","0,00 ","0,00 ","0,00 ","0,00 ","0,00 ","0,00 ","35.615,33 ","0,00 ","0,00 ","0,00 ","0,00 ","25.861,11 ","0,00 ","25.861,11 ","9.754,22 ","752,77 ","9.001,45 ","0,00 ","0,00 ","0,00 ","0,00 ","0,00 ","0,00 ","0,00 ","0,00 ","0,00 ","0,00 ","0,00 ","8.033,61 ","8.033,61 ","0,00 ","8.033,61 ","0,00 ","0,00 ","0,00 ","0,00 ","0,00 ","0,00 ","0,00 ","0,00 ","0,00 ","0,00 ","0,00 ","0,00 ","0,00 ","0,00 ","0,00 ","0,00 ","0,00 ","0,00 ","560.521,97 ","560.521,97 ","11.460,41 ","528.433,10 ","0,00 ","20.628,46 ","0,00 ","0,00 ","0,00 ","0,00 ","0,00 ","0,00 ","0,00 ","0,00 ","0,00 ","0,00 ","799.859,92 ","0,00 ","0,00 ","0,00 ","0,00 ","799.859,92 ","0,00 ","799.859,92 ","915.688,25 ","0,00 ","0,00 ","915.688,25 ","104.864,00 ","810.824,25 ","0,00 ","0,00 ","0,00 ","0,00 ","0,00 ","0,00 ","0,00 ","1.140.789,05 ","7.581,00 ","7.581,00 ","0,00 ","0,00 ","47.351,77 ","0,00 ","0,00 ","0,00 ","0,00 ","47.351,77 ","12.463,41 ","0,00 ","0,00 ","12.463,41 ","1.073.392,87 ","1.069.288,10 ","4.104,77 ","0,00 ","0,00 ","0,00 ","0,00 ","0,00 ","0,00 ","0,00 ","0,00 ","0,00 ","0,00 ","0,00 ","0,00 ","785.832,79 ","1.080,00 ","1.080,00 ","0,00 ","784.752,79 ","9.162,53 ","0,00 ","0,00 ","0,00 ","775.590,26 ","0,00 ","0,00 ","0,00 ","0,00 ","0,00 ","0,00 ","0,00 ","0,00 ","0,00 ","53.493,92 ","0,00 ","0,00 ","0,00 ","53.493,92 ","53.493,92 ","0,00 ","0,00 ","0,00 ","0,00 ","0,00 ","0,00 ","0,00 ","0,00 ","0,00 ","0,00 ","0,00 ","0,00 ","0,00 ","0,00 ","0,00 ","0,00 ","0,00 ","0,00 ","0,00 ","0,00 ","0,00 ","0,00 ","0,00 ","0,00 ","0,00 ","0,00 ","0,00 ","0,00 ","0,00 ","0,00 ","0,00 ","0,00 ","0,00 ","0,00 ","0,00 ","0,00 ","4.299.834,84 "
11.,151 ,OBČINA BRASLOVČE,"0,00 ","0,00 ","0,00 ","0,00 ","0,00 ","0,00 ","0,00 ","0,00 ","0,00 ","0,00 ","0,00 ","0,00 ","0,00 ","0,00 ","0,00 ","0,00 ","0,00 ","0,00 ","0,00 ","59.520,76 ","0,00 ","0,00 ","0,00 ","0,00 ","0,00 ","59.520,76 ","0,00 ","0,00 ","59.520,76 ","0,00 ","0,00 ","0,00 ","15.572,13 ","0,00 ","0,00 ","0,00 ","0,00 ","0,00 ","0,00 ","0,00 ","15.572,13 ","0,00 ","15.572,13 ","3.466,91 ","3.466,91 ","3.466,91 ","0,00 ","0,00 ","0,00 ","0,00 ","0,00 ","0,00 ","0,00 ","0,00 ","0,00 ","0,00 ","0,00 ","0,00 ","0,00 ","0,00 ","0,00 ","0,00 ","0,00 ","0,00 ","0,00 ","0,00 ","0,00 ","0,00 ","0,00 ","0,00 ","0,00 ","0,00 ","0,00 ","0,00 ","0,00 ","0,00 ","323.456,72 ","323.456,72 ","0,00 ","291.573,60 ","0,00 ","31.883,12 ","0,00 ","0,00 ","0,00 ","0,00 ","0,00 ","0,00 ","0,00 ","0,00 ","0,00 ","0,00 ","39.823,44 ","0,00 ","0,00 ","0,00 ","0,00 ","39.823,44 ","0,00 ","39.823,44 ","7.763,33 ","0,00 ","0,00 ","7.763,33 ","0,00 ","7.763,33 ","0,00 ","0,00 ","0,00 ","0,00 ","0,00 ","0,00 ","0,00 ","220.958,64 ","170.971,89 ","0,00 ","0,00 ","170.971,89 ","11.306,75 ","10.000,67 ","0,00 ","1.306,08 ","0,00 ","0,00 ","0,00 ","0,00 ","0,00 ","0,00 ","38.680,00 ","0,00 ","38.680,00 ","0,00 ","0,00 ","0,00 ","0,00 ","0,00 ","0,00 ","0,00 ","0,00 ","0,00 ","0,00 ","0,00 ","0,00 ","13.533,78 ","1.200,00 ","1.200,00 ","0,00 ","12.333,78 ","0,00 ","0,00 ","0,00 ","0,00 ","12.333,78 ","0,00 ","0,00 ","0,00 ","0,00 ","0,00 ","0,00 ","0,00 ","0,00 ","0,00 ","99.967,76 ","0,00 ","0,00 ","0,00 ","99.967,76 ","99.967,76 ","0,00 ","0,00 ","0,00 ","0,00 ","0,00 ","0,00 ","0,00 ","0,00 ","0,00 ","0,00 ","0,00 ","0,00 ","0,00 ","0,00 ","0,00 ","0,00 ","0,00 ","0,00 ","0,00 ","0,00 ","0,00 ","0,00 ","0,00 ","0,00 ","0,00 ","0,00 ","0,00 ","0,00 ","0,00 ","0,00 ","0,00 ","0,00 ","0,00 ","0,00 ","0,00 ","0,00 ","784.063,47 "
12.,7 ,OBČINA BRDA,"0,00 ","0,00 ","0,00 ","0,00 ","0,00 ","0,00 ","0,00 ","0,00 ","0,00 ","0,00 ","0,00 ","0,00 ","0,00 ","0,00 ","0,00 ","0,00 ","0,00 ","0,00 ","0,00 ","1.987,20 ","0,00 ","0,00 ","0,00 ","0,00 ","0,00 ","1.987,20 ","0,00 ","0,00 ","1.987,20 ","0,00 ","0,00 ","0,00 ","3.728,85 ","0,00 ","0,00 ","0,00 ","0,00 ","660,00 ","660,00 ","0,00 ","3.068,85 ","0,00 ","3.068,85 ","0,00 ","0,00 ","0,00 ","0,00 ","0,00 ","0,00 ","0,00 ","0,00 ","0,00 ","0,00 ","0,00 ","1.584,00 ","1.584,00 ","0,00 ","1.584,00 ","0,00 ","0,00 ","0,00 ","0,00 ","0,00 ","0,00 ","0,00 ","0,00 ","0,00 ","0,00 ","0,00 ","0,00 ","0,00 ","0,00 ","0,00 ","0,00 ","0,00 ","0,00 ","566.978,82 ","566.978,82 ","0,00 ","523.771,32 ","22.534,20 ","20.673,30 ","0,00 ","0,00 ","0,00 ","0,00 ","0,00 ","0,00 ","0,00 ","0,00 ","0,00 ","0,00 ","7.826,00 ","0,00 ","0,00 ","0,00 ","0,00 ","7.826,00 ","0,00 ","7.826,00 ","802.203,58 ","0,00 ","0,00 ","802.203,58 ","0,00 ","802.203,58 ","0,00 ","0,00 ","0,00 ","0,00 ","0,00 ","0,00 ","0,00 ","1.775.360,96 ","0,00 ","0,00 ","0,00 ","0,00 ","1.775.360,96 ","1.701.189,64 ","74.171,32 ","0,00 ","0,00 ","0,00 ","0,00 ","0,00 ","0,00 ","0,00 ","0,00 ","0,00 ","0,00 ","0,00 ","0,00 ","0,00 ","0,00 ","0,00 ","0,00 ","0,00 ","0,00 ","0,00 ","0,00 ","0,00 ","0,00 ","6.680,00 ","0,00 ","0,00 ","0,00 ","3.720,00 ","0,00 ","0,00 ","0,00 ","0,00 ","3.720,00 ","0,00 ","0,00 ","0,00 ","0,00 ","0,00 ","0,00 ","2.960,00 ","2.960,00 ","0,00 ","26.487,62 ","0,00 ","0,00 ","0,00 ","26.487,62 ","26.487,62 ","0,00 ","0,00 ","0,00 ","0,00 ","0,00 ","0,00 ","0,00 ","0,00 ","0,00 ","0,00 ","0,00 ","0,00 ","0,00 ","0,00 ","0,00 ","0,00 ","0,00 ","0,00 ","0,00 ","0,00 ","0,00 ","0,00 ","0,00 ","0,00 ","0,00 ","0,00 ","0,00 ","0,00 ","0,00 ","0,00 ","0,00 ","0,00 ","0,00 ","0,00 ","0,00 ","0,00 ","3.192.837,03 "
13.,8 ,OBČINA BREZOVICA,"0,00 ","0,00 ","0,00 ","0,00 ","0,00 ","0,00 ","0,00 ","0,00 ","0,00 ","0,00 ","0,00 ","0,00 ","0,00 ","0,00 ","0,00 ","0,00 ","0,00 ","0,00 ","0,00 ","0,00 ","0,00 ","0,00 ","0,00 ","0,00 ","0,00 ","0,00 ","0,00 ","0,00 ","0,00 ","0,00 ","0,00 ","0,00 ","50.885,44 ","0,00 ","0,00 ","0,00 ","0,00 ","14.653,89 ","14.653,89 ","0,00 ","36.231,55 ","0,00 ","36.231,55 ","8.317,18 ","8.317,18 ","8.317,18 ","0,00 ","0,00 ","0,00 ","0,00 ","0,00 ","0,00 ","0,00 ","0,00 ","24.468,00 ","24.468,00 ","0,00 ","0,00 ","24.468,00 ","0,00 ","0,00 ","0,00 ","0,00 ","0,00 ","0,00 ","0,00 ","0,00 ","0,00 ","0,00 ","0,00 ","0,00 ","0,00 ","0,00 ","0,00 ","0,00 ","0,00 ","873.250,57 ","873.250,57 ","20.154,17 ","783.726,04 ","9.129,36 ","60.241,00 ","0,00 ","0,00 ","0,00 ","0,00 ","0,00 ","0,00 ","0,00 ","0,00 ","0,00 ","0,00 ","1.454,88 ","0,00 ","0,00 ","0,00 ","0,00 ","1.454,88 ","0,00 ","1.454,88 ","401.558,96 ","0,00 ","0,00 ","401.558,96 ","1.926,97 ","399.631,99 ","0,00 ","0,00 ","0,00 ","0,00 ","0,00 ","0,00 ","0,00 ","2.004.850,00 ","0,00 ","0,00 ","0,00 ","0,00 ","1.968.437,13 ","866.752,50 ","216.947,37 ","884.737,26 ","0,00 ","0,00 ","4.297,87 ","0,00 ","4.297,87 ","0,00 ","32.115,00 ","0,00 ","32.115,00 ","2.650,80 ","2.650,80 ","2.650,80 ","0,00 ","0,00 ","0,00 ","0,00 ","0,00 ","0,00 ","0,00 ","0,00 ","0,00 ","40.861,44 ","0,00 ","0,00 ","0,00 ","40.861,44 ","4.719,66 ","0,00 ","0,00 ","0,00 ","36.141,78 ","0,00 ","0,00 ","0,00 ","0,00 ","0,00 ","0,00 ","0,00 ","0,00 ","0,00 ","2.046.641,06 ","1.363.723,51 ","1.363.723,51 ","0,00 ","682.917,55 ","682.917,55 ","0,00 ","0,00 ","0,00 ","0,00 ","0,00 ","0,00 ","0,00 ","0,00 ","0,00 ","0,00 ","0,00 ","0,00 ","0,00 ","0,00 ","0,00 ","0,00 ","0,00 ","0,00 ","0,00 ","0,00 ","0,00 ","0,00 ","0,00 ","0,00 ","0,00 ","0,00 ","0,00 ","0,00 ","0,00 ","0,00 ","0,00 ","0,00 ","0,00 ","0,00 ","0,00 ","0,00 ","5.454.938,33 "
14.,9 ,OBČINA BREŽICE,"0,00 ","0,00 ","0,00 ","0,00 ","0,00 ","0,00 ","0,00 ","0,00 ","0,00 ","0,00 ","0,00 ","0,00 ","0,00 ","0,00 ","0,00 ","0,00 ","0,00 ","0,00 ","0,00 ","173.832,66 ","0,00 ","0,00 ","0,00 ","0,00 ","0,00 ","173.832,66 ","0,00 ","0,00 ","173.832,66 ","0,00 ","0,00 ","0,00 ","225.869,63 ","0,00 ","0,00 ","0,00 ","0,00 ","181.619,73 ","181.619,73 ","0,00 ","44.249,90 ","0,00 ","44.249,90 ","11.976,70 ","11.976,70 ","11.976,70 ","0,00 ","0,00 ","0,00 ","0,00 ","0,00 ","0,00 ","0,00 ","0,00 ","5.950,94 ","5.950,94 ","0,00 ","5.950,94 ","0,00 ","0,00 ","0,00 ","0,00 ","0,00 ","0,00 ","0,00 ","0,00 ","0,00 ","0,00 ","0,00 ","0,00 ","0,00 ","0,00 ","0,00 ","0,00 ","0,00 ","0,00 ","2.528.456,54 ","2.528.456,54 ","59.959,98 ","2.268.613,38 ","98.756,69 ","101.126,49 ","0,00 ","0,00 ","0,00 ","0,00 ","0,00 ","0,00 ","0,00 ","0,00 ","0,00 ","0,00 ","0,00 ","0,00 ","0,00 ","0,00 ","0,00 ","0,00 ","0,00 ","0,00 ","4.069.068,24 ","0,00 ","0,00 ","4.069.068,24 ","0,00 ","4.069.068,24 ","0,00 ","0,00 ","0,00 ","0,00 ","0,00 ","0,00 ","0,00 ","1.836.938,04 ","399.040,67 ","0,00 ","0,00 ","399.040,67 ","146.387,39 ","103.520,89 ","21.087,11 ","0,00 ","0,00 ","21.779,39 ","216.423,51 ","0,00 ","88.794,49 ","127.629,02 ","1.075.086,47 ","592.527,23 ","482.559,24 ","39.964,37 ","39.964,37 ","39.964,37 ","0,00 ","0,00 ","0,00 ","0,00 ","0,00 ","0,00 ","0,00 ","0,00 ","0,00 ","880.115,12 ","28.777,08 ","28.777,08 ","0,00 ","864,00 ","864,00 ","0,00 ","0,00 ","0,00 ","0,00 ","0,00 ","0,00 ","0,00 ","0,00 ","0,00 ","0,00 ","850.474,04 ","47.976,00 ","802.498,04 ","2.135.871,36 ","7.483,38 ","7.483,38 ","0,00 ","2.119.663,98 ","2.119.663,98 ","0,00 ","0,00 ","0,00 ","8.724,00 ","0,00 ","8.724,00 ","0,00 ","0,00 ","0,00 ","0,00 ","0,00 ","0,00 ","0,00 ","0,00 ","0,00 ","0,00 ","0,00 ","0,00 ","0,00 ","0,00 ","0,00 ","0,00 ","0,00 ","0,00 ","0,00 ","0,00 ","0,00 ","0,00 ","0,00 ","0,00 ","5.119,99 ","0,00 ","0,00 ","0,00 ","5.119,99 ","5.119,99 ","11.913.163,59 "
15.,152 ,OBČINA CANKOVA,"0,00 ","0,00 ","0,00 ","0,00 ","0,00 ","0,00 ","0,00 ","0,00 ","0,00 ","0,00 ","0,00 ","0,00 ","0,00 ","0,00 ","0,00 ","0,00 ","0,00 ","0,00 ","0,00 ","0,00 ","0,00 ","0,00 ","0,00 ","0,00 ","0,00 ","0,00 ","0,00 ","0,00 ","0,00 ","0,00 ","0,00 ","0,00 ","6.221,64 ","0,00 ","0,00 ","0,00 ","0,00 ","0,00 ","0,00 ","0,00 ","6.221,64 ","0,00 ","6.221,64 ","12.251,00 ","12.251,00 ","0,00 ","12.251,00 ","0,00 ","0,00 ","0,00 ","0,00 ","0,00 ","0,00 ","0,00 ","0,00 ","0,00 ","0,00 ","0,00 ","0,00 ","0,00 ","0,00 ","0,00 ","0,00 ","0,00 ","0,00 ","0,00 ","0,00 ","0,00 ","0,00 ","0,00 ","0,00 ","0,00 ","0,00 ","0,00 ","0,00 ","0,00 ","68.960,59 ","68.960,59 ","0,00 ","53.035,65 ","0,00 ","15.924,94 ","0,00 ","0,00 ","0,00 ","0,00 ","0,00 ","0,00 ","0,00 ","0,00 ","0,00 ","0,00 ","0,00 ","0,00 ","0,00 ","0,00 ","0,00 ","0,00 ","0,00 ","0,00 ","3.238,39 ","0,00 ","0,00 ","3.238,39 ","0,00 ","0,00 ","3.238,39 ","0,00 ","0,00 ","0,00 ","0,00 ","0,00 ","0,00 ","95.262,59 ","7.992,00 ","0,00 ","0,00 ","7.992,00 ","84.814,59 ","75.534,66 ","5.650,46 ","0,00 ","0,00 ","3.629,47 ","0,00 ","0,00 ","0,00 ","0,00 ","2.456,00 ","2.456,00 ","0,00 ","0,00 ","0,00 ","0,00 ","0,00 ","0,00 ","0,00 ","0,00 ","0,00 ","0,00 ","0,00 ","0,00 ","0,00 ","31.155,68 ","0,00 ","0,00 ","0,00 ","0,00 ","0,00 ","0,00 ","0,00 ","0,00 ","0,00 ","0,00 ","0,00 ","0,00 ","0,00 ","0,00 ","0,00 ","31.155,68 ","31.155,68 ","0,00 ","269.378,22 ","5.576,16 ","5.576,16 ","0,00 ","263.802,06 ","263.802,06 ","0,00 ","0,00 ","0,00 ","0,00 ","0,00 ","0,00 ","0,00 ","0,00 ","0,00 ","0,00 ","0,00 ","0,00 ","0,00 ","0,00 ","0,00 ","0,00 ","0,00 ","0,00 ","0,00 ","0,00 ","0,00 ","0,00 ","0,00 ","0,00 ","0,00 ","0,00 ","0,00 ","0,00 ","0,00 ","0,00 ","0,00 ","0,00 ","0,00 ","0,00 ","0,00 ","0,00 ","486.468,11 "
16.,11 ,MESTNA OBČINA CELJE,"0,00 ","0,00 ","0,00 ","0,00 ","0,00 ","0,00 ","0,00 ","0,00 ","0,00 ","0,00 ","0,00 ","0,00 ","0,00 ","0,00 ","0,00 ","0,00 ","0,00 ","0,00 ","0,00 ","2.477.490,00 ","0,00 ","0,00 ","204.362,00 ","204.362,00 ","0,00 ","2.273.128,00 ","0,00 ","0,00 ","2.273.128,00 ","0,00 ","0,00 ","0,00 ","836.976,00 ","0,00 ","0,00 ","0,00 ","0,00 ","139.373,00 ","139.373,00 ","0,00 ","697.603,00 ","0,00 ","697.603,00 ","0,00 ","0,00 ","0,00 ","0,00 ","0,00 ","0,00 ","0,00 ","0,00 ","0,00 ","0,00 ","0,00 ","0,00 ","0,00 ","0,00 ","0,00 ","0,00 ","0,00 ","0,00 ","0,00 ","0,00 ","0,00 ","0,00 ","0,00 ","0,00 ","0,00 ","0,00 ","0,00 ","0,00 ","0,00 ","0,00 ","0,00 ","0,00 ","0,00 ","1.575.119,00 ","1.575.119,00 ","0,00 ","1.573.044,00 ","0,00 ","0,00 ","0,00 ","2.075,00 ","0,00 ","0,00 ","0,00 ","0,00 ","0,00 ","0,00 ","0,00 ","0,00 ","0,00 ","0,00 ","0,00 ","0,00 ","0,00 ","0,00 ","0,00 ","0,00 ","3.618.493,00 ","0,00 ","0,00 ","3.618.493,00 ","2.349.199,00 ","1.269.294,00 ","0,00 ","0,00 ","0,00 ","0,00 ","0,00 ","0,00 ","0,00 ","5.124.089,00 ","85.049,00 ","0,00 ","0,00 ","85.049,00 ","0,00 ","0,00 ","0,00 ","0,00 ","0,00 ","0,00 ","0,00 ","0,00 ","0,00 ","0,00 ","5.039.040,00 ","3.835.548,00 ","1.203.492,00 ","0,00 ","0,00 ","0,00 ","0,00 ","0,00 ","0,00 ","0,00 ","0,00 ","0,00 ","0,00 ","0,00 ","0,00 ","7.322.727,00 ","0,00 ","0,00 ","0,00 ","7.322.727,00 ","0,00 ","0,00 ","0,00 ","0,00 ","7.322.727,00 ","0,00 ","0,00 ","0,00 ","0,00 ","0,00 ","0,00 ","0,00 ","0,00 ","0,00 ","2.285.671,00 ","645.329,00 ","645.329,00 ","0,00 ","1.640.342,00 ","1.640.342,00 ","0,00 ","0,00 ","0,00 ","0,00 ","0,00 ","0,00 ","0,00 ","0,00 ","0,00 ","0,00 ","0,00 ","0,00 ","0,00 ","0,00 ","0,00 ","0,00 ","0,00 ","0,00 ","0,00 ","0,00 ","0,00 ","0,00 ","0,00 ","0,00 ","0,00 ","0,00 ","0,00 ","0,00 ","0,00 ","0,00 ","0,00 ","0,00 ","0,00 ","0,00 ","0,00 ","0,00 ","23.240.565,00 "
17.,12 ,OBČINA CERKLJE NA GORENJSKEM,"0,00 ","0,00 ","0,00 ","0,00 ","0,00 ","0,00 ","0,00 ","0,00 ","0,00 ","0,00 ","0,00 ","0,00 ","0,00 ","0,00 ","0,00 ","0,00 ","0,00 ","0,00 ","0,00 ","0,00 ","0,00 ","0,00 ","0,00 ","0,00 ","0,00 ","0,00 ","0,00 ","0,00 ","0,00 ","0,00 ","0,00 ","0,00 ","7.537,00 ","0,00 ","0,00 ","0,00 ","0,00 ","0,00 ","0,00 ","0,00 ","7.537,00 ","0,00 ","7.537,00 ","0,00 ","0,00 ","0,00 ","0,00 ","0,00 ","0,00 ","0,00 ","0,00 ","0,00 ","0,00 ","0,00 ","0,00 ","0,00 ","0,00 ","0,00 ","0,00 ","0,00 ","0,00 ","0,00 ","0,00 ","0,00 ","0,00 ","0,00 ","0,00 ","0,00 ","0,00 ","0,00 ","0,00 ","0,00 ","0,00 ","0,00 ","0,00 ","0,00 ","218.573,00 ","218.573,00 ","0,00 ","127.975,00 ","0,00 ","84.576,00 ","0,00 ","6.022,00 ","0,00 ","0,00 ","0,00 ","0,00 ","0,00 ","0,00 ","0,00 ","0,00 ","0,00 ","0,00 ","0,00 ","0,00 ","0,00 ","0,00 ","0,00 ","0,00 ","55.749,00 ","0,00 ","0,00 ","55.749,00 ","1.017,00 ","54.732,00 ","0,00 ","0,00 ","0,00 ","0,00 ","0,00 ","0,00 ","0,00 ","234.082,00 ","0,00 ","0,00 ","0,00 ","0,00 ","71.952,00 ","71.952,00 ","0,00 ","0,00 ","0,00 ","0,00 ","68.340,00 ","0,00 ","68.340,00 ","0,00 ","93.790,00 ","0,00 ","93.790,00 ","0,00 ","0,00 ","0,00 ","0,00 ","0,00 ","0,00 ","0,00 ","0,00 ","0,00 ","0,00 ","0,00 ","0,00 ","793.988,00 ","0,00 ","0,00 ","0,00 ","704.637,00 ","0,00 ","0,00 ","0,00 ","0,00 ","704.637,00 ","0,00 ","0,00 ","0,00 ","0,00 ","0,00 ","0,00 ","89.351,00 ","89.351,00 ","0,00 ","319.933,00 ","219.121,00 ","219.121,00 ","0,00 ","100.812,00 ","100.812,00 ","0,00 ","0,00 ","0,00 ","0,00 ","0,00 ","0,00 ","0,00 ","0,00 ","0,00 ","0,00 ","0,00 ","0,00 ","0,00 ","0,00 ","0,00 ","0,00 ","0,00 ","0,00 ","0,00 ","0,00 ","0,00 ","0,00 ","0,00 ","0,00 ","0,00 ","0,00 ","0,00 ","0,00 ","0,00 ","0,00 ","0,00 ","0,00 ","0,00 ","0,00 ","0,00 ","0,00 ","1.629.862,00 "
18.,13 ,OBČINA CERKNICA,"0,00 ","0,00 ","0,00 ","0,00 ","0,00 ","0,00 ","0,00 ","0,00 ","0,00 ","0,00 ","0,00 ","0,00 ","0,00 ","0,00 ","0,00 ","0,00 ","0,00 ","0,00 ","0,00 ","0,00 ","0,00 ","0,00 ","0,00 ","0,00 ","0,00 ","0,00 ","0,00 ","0,00 ","0,00 ","0,00 ","0,00 ","0,00 ","56.029,61 ","35.365,32 ","10.098,59 ","0,00 ","25.266,73 ","0,00 ","0,00 ","0,00 ","20.664,29 ","14.668,79 ","5.995,50 ","23.274,22 ","23.274,22 ","20.208,00 ","3.066,22 ","0,00 ","0,00 ","0,00 ","0,00 ","0,00 ","0,00 ","0,00 ","0,00 ","0,00 ","0,00 ","0,00 ","0,00 ","0,00 ","0,00 ","0,00 ","0,00 ","0,00 ","0,00 ","0,00 ","0,00 ","0,00 ","0,00 ","0,00 ","0,00 ","0,00 ","0,00 ","0,00 ","0,00 ","0,00 ","1.059.317,50 ","1.059.317,50 ","0,00 ","1.033.295,41 ","0,00 ","7.436,69 ","0,00 ","18.585,40 ","0,00 ","0,00 ","0,00 ","0,00 ","0,00 ","0,00 ","0,00 ","0,00 ","0,00 ","0,00 ","0,00 ","0,00 ","0,00 ","0,00 ","0,00 ","0,00 ","234.580,54 ","0,00 ","0,00 ","234.580,54 ","0,00 ","234.580,54 ","0,00 ","0,00 ","0,00 ","0,00 ","0,00 ","0,00 ","0,00 ","531.925,61 ","63.297,51 ","0,00 ","0,00 ","63.297,51 ","224.073,20 ","160.654,17 ","63.419,03 ","0,00 ","0,00 ","0,00 ","32.629,98 ","0,00 ","0,00 ","32.629,98 ","211.924,92 ","30.980,00 ","180.944,92 ","71.594,77 ","71.594,77 ","71.594,77 ","0,00 ","0,00 ","0,00 ","0,00 ","0,00 ","0,00 ","0,00 ","0,00 ","0,00 ","274.716,56 ","58.241,40 ","58.241,40 ","0,00 ","189.054,22 ","184.192,62 ","0,00 ","0,00 ","0,00 ","4.861,60 ","0,00 ","0,00 ","0,00 ","0,00 ","0,00 ","0,00 ","27.420,94 ","27.420,94 ","0,00 ","1.238.484,59 ","26.037,34 ","26.037,34 ","0,00 ","1.212.447,25 ","1.212.447,25 ","0,00 ","0,00 ","0,00 ","0,00 ","0,00 ","0,00 ","0,00 ","0,00 ","0,00 ","0,00 ","0,00 ","0,00 ","0,00 ","0,00 ","0,00 ","0,00 ","0,00 ","0,00 ","0,00 ","0,00 ","0,00 ","0,00 ","0,00 ","0,00 ","0,00 ","0,00 ","0,00 ","0,00 ","0,00 ","0,00 ","0,00 ","0,00 ","0,00 ","0,00 ","0,00 ","0,00 ","3.489.923,40 "
19.,14 ,OBČINA CERKNO,"0,00 ","0,00 ","0,00 ","0,00 ","0,00 ","0,00 ","0,00 ","0,00 ","0,00 ","0,00 ","0,00 ","0,00 ","0,00 ","0,00 ","0,00 ","0,00 ","0,00 ","0,00 ","0,00 ","617,19 ","0,00 ","0,00 ","0,00 ","0,00 ","0,00 ","617,19 ","0,00 ","0,00 ","617,19 ","0,00 ","0,00 ","0,00 ","5.251,10 ","0,00 ","0,00 ","0,00 ","0,00 ","1.155,28 ","1.155,28 ","0,00 ","4.095,82 ","1.448,50 ","2.647,32 ","13.479,66 ","13.479,66 ","0,00 ","13.479,66 ","0,00 ","0,00 ","0,00 ","0,00 ","0,00 ","0,00 ","0,00 ","658,80 ","658,80 ","658,80 ","0,00 ","0,00 ","0,00 ","0,00 ","0,00 ","0,00 ","0,00 ","0,00 ","0,00 ","0,00 ","0,00 ","0,00 ","0,00 ","0,00 ","0,00 ","0,00 ","0,00 ","0,00 ","0,00 ","1.450.601,57 ","1.450.601,57 ","18.620,36 ","1.431.981,21 ","0,00 ","0,00 ","0,00 ","0,00 ","0,00 ","0,00 ","0,00 ","0,00 ","0,00 ","0,00 ","0,00 ","0,00 ","0,00 ","0,00 ","0,00 ","0,00 ","0,00 ","0,00 ","0,00 ","0,00 ","515.729,24 ","0,00 ","0,00 ","515.729,24 ","0,00 ","515.729,24 ","0,00 ","0,00 ","0,00 ","0,00 ","0,00 ","0,00 ","0,00 ","112.477,32 ","0,00 ","0,00 ","0,00 ","0,00 ","60.028,98 ","10.752,99 ","49.275,99 ","0,00 ","0,00 ","0,00 ","0,00 ","0,00 ","0,00 ","0,00 ","52.448,34 ","0,00 ","52.448,34 ","0,00 ","0,00 ","0,00 ","0,00 ","0,00 ","0,00 ","0,00 ","0,00 ","0,00 ","0,00 ","0,00 ","0,00 ","119.072,97 ","0,00 ","0,00 ","0,00 ","99.787,77 ","0,00 ","0,00 ","0,00 ","1.833,52 ","97.954,25 ","0,00 ","2.580,00 ","0,00 ","0,00 ","0,00 ","2.580,00 ","16.705,20 ","16.705,20 ","0,00 ","39.484,82 ","6.235,29 ","6.235,29 ","0,00 ","33.249,53 ","33.249,53 ","0,00 ","0,00 ","0,00 ","0,00 ","0,00 ","0,00 ","0,00 ","0,00 ","0,00 ","0,00 ","0,00 ","0,00 ","0,00 ","0,00 ","0,00 ","0,00 ","0,00 ","0,00 ","0,00 ","0,00 ","0,00 ","0,00 ","0,00 ","0,00 ","0,00 ","0,00 ","0,00 ","0,00 ","0,00 ","0,00 ","1.960.838,64 ","1.960.838,64 ","0,00 ","1.960.838,64 ","0,00 ","0,00 ","4.218.211,31 "
20.,153 ,OBČINA CERKVENJAK,"0,00 ","0,00 ","0,00 ","0,00 ","0,00 ","0,00 ","0,00 ","0,00 ","0,00 ","0,00 ","0,00 ","0,00 ","0,00 ","0,00 ","0,00 ","0,00 ","0,00 ","0,00 ","0,00 ","18.633,45 ","0,00 ","0,00 ","0,00 ","0,00 ","0,00 ","18.633,45 ","0,00 ","0,00 ","18.633,45 ","0,00 ","0,00 ","0,00 ","7.438,98 ","1.725,28 ","0,00 ","0,00 ","1.725,28 ","0,00 ","0,00 ","0,00 ","5.713,70 ","0,00 ","5.713,70 ","0,00 ","0,00 ","0,00 ","0,00 ","0,00 ","0,00 ","0,00 ","0,00 ","0,00 ","0,00 ","0,00 ","0,00 ","0,00 ","0,00 ","0,00 ","0,00 ","0,00 ","0,00 ","0,00 ","0,00 ","0,00 ","0,00 ","0,00 ","0,00 ","0,00 ","0,00 ","0,00 ","0,00 ","0,00 ","0,00 ","0,00 ","0,00 ","0,00 ","242.357,95 ","242.357,95 ","0,00 ","168.286,33 ","74.071,62 ","0,00 ","0,00 ","0,00 ","0,00 ","0,00 ","0,00 ","0,00 ","0,00 ","0,00 ","0,00 ","0,00 ","0,00 ","0,00 ","0,00 ","0,00 ","0,00 ","0,00 ","0,00 ","0,00 ","2.416,15 ","0,00 ","0,00 ","2.416,15 ","0,00 ","2.416,15 ","0,00 ","0,00 ","0,00 ","0,00 ","0,00 ","0,00 ","0,00 ","382.123,15 ","24.134,44 ","0,00 ","2.858,19 ","21.276,25 ","9.344,83 ","2.983,02 ","6.361,81 ","0,00 ","0,00 ","0,00 ","0,00 ","0,00 ","0,00 ","0,00 ","348.643,88 ","330.749,94 ","17.893,94 ","542,75 ","542,75 ","542,75 ","0,00 ","0,00 ","0,00 ","0,00 ","0,00 ","0,00 ","0,00 ","0,00 ","0,00 ","135.710,21 ","100.239,74 ","100.239,74 ","0,00 ","35.012,35 ","0,00 ","0,00 ","0,00 ","0,00 ","35.012,35 ","0,00 ","0,00 ","0,00 ","0,00 ","0,00 ","0,00 ","458,12 ","458,12 ","0,00 ","44.038,48 ","0,00 ","0,00 ","0,00 ","44.038,48 ","44.038,48 ","0,00 ","0,00 ","0,00 ","0,00 ","0,00 ","0,00 ","0,00 ","0,00 ","0,00 ","0,00 ","0,00 ","0,00 ","0,00 ","0,00 ","0,00 ","0,00 ","0,00 ","0,00 ","0,00 ","0,00 ","0,00 ","0,00 ","0,00 ","0,00 ","0,00 ","0,00 ","0,00 ","0,00 ","0,00 ","0,00 ","44.845,54 ","44.845,54 ","0,00 ","44.845,54 ","0,00 ","0,00 ","878.106,66 "
21.,196 ,OBČINA CIRKULANE,"0,00 ","0,00 ","0,00 ","0,00 ","0,00 ","0,00 ","0,00 ","0,00 ","0,00 ","0,00 ","0,00 ","0,00 ","0,00 ","0,00 ","0,00 ","0,00 ","0,00 ","0,00 ","0,00 ","0,00 ","0,00 ","0,00 ","0,00 ","0,00 ","0,00 ","0,00 ","0,00 ","0,00 ","0,00 ","0,00 ","0,00 ","0,00 ","39.152,37 ","0,00 ","0,00 ","0,00 ","0,00 ","0,00 ","0,00 ","0,00 ","39.152,37 ","0,00 ","39.152,37 ","10.290,72 ","10.290,72 ","0,00 ","10.290,72 ","0,00 ","0,00 ","0,00 ","0,00 ","0,00 ","0,00 ","0,00 ","0,00 ","0,00 ","0,00 ","0,00 ","0,00 ","0,00 ","0,00 ","0,00 ","0,00 ","0,00 ","0,00 ","0,00 ","0,00 ","0,00 ","0,00 ","0,00 ","0,00 ","0,00 ","0,00 ","0,00 ","0,00 ","0,00 ","1.137.921,79 ","1.137.921,79 ","0,00 ","1.137.921,79 ","0,00 ","0,00 ","0,00 ","0,00 ","0,00 ","0,00 ","0,00 ","0,00 ","0,00 ","0,00 ","0,00 ","0,00 ","12.987,14 ","0,00 ","0,00 ","0,00 ","0,00 ","12.987,14 ","0,00 ","12.987,14 ","554.135,97 ","0,00 ","0,00 ","554.135,97 ","0,00 ","554.135,97 ","0,00 ","0,00 ","0,00 ","0,00 ","0,00 ","0,00 ","0,00 ","56.589,50 ","29.413,10 ","0,00 ","0,00 ","29.413,10 ","0,00 ","0,00 ","0,00 ","0,00 ","0,00 ","0,00 ","0,00 ","0,00 ","0,00 ","0,00 ","27.176,40 ","0,00 ","27.176,40 ","0,00 ","0,00 ","0,00 ","0,00 ","0,00 ","0,00 ","0,00 ","0,00 ","0,00 ","0,00 ","0,00 ","0,00 ","85.695,33 ","37.361,73 ","37.361,73 ","0,00 ","0,00 ","0,00 ","0,00 ","0,00 ","0,00 ","0,00 ","0,00 ","0,00 ","0,00 ","0,00 ","0,00 ","0,00 ","48.333,60 ","48.333,60 ","0,00 ","254.596,67 ","254.596,67 ","254.596,67 ","0,00 ","0,00 ","0,00 ","0,00 ","0,00 ","0,00 ","0,00 ","0,00 ","0,00 ","0,00 ","0,00 ","0,00 ","0,00 ","0,00 ","0,00 ","0,00 ","0,00 ","0,00 ","0,00 ","0,00 ","0,00 ","0,00 ","0,00 ","0,00 ","0,00 ","0,00 ","0,00 ","0,00 ","0,00 ","0,00 ","0,00 ","0,00 ","0,00 ","0,00 ","0,00 ","0,00 ","0,00 ","0,00 ","0,00 ","2.151.369,49 "
22.,15 ,OBČINA ČRENŠOVCI,"0,00 ","0,00 ","0,00 ","0,00 ","0,00 ","0,00 ","0,00 ","0,00 ","0,00 ","0,00 ","0,00 ","0,00 ","0,00 ","0,00 ","0,00 ","0,00 ","0,00 ","0,00 ","0,00 ","17.864,28 ","0,00 ","0,00 ","0,00 ","0,00 ","0,00 ","17.864,28 ","0,00 ","0,00 ","17.864,28 ","0,00 ","0,00 ","0,00 ","0,00 ","0,00 ","0,00 ","0,00 ","0,00 ","0,00 ","0,00 ","0,00 ","0,00 ","0,00 ","0,00 ","2.244,82 ","2.244,82 ","2.244,82 ","0,00 ","0,00 ","0,00 ","0,00 ","0,00 ","0,00 ","0,00 ","0,00 ","0,00 ","0,00 ","0,00 ","0,00 ","0,00 ","0,00 ","0,00 ","0,00 ","0,00 ","0,00 ","0,00 ","0,00 ","0,00 ","0,00 ","0,00 ","0,00 ","0,00 ","0,00 ","0,00 ","0,00 ","0,00 ","0,00 ","800.549,85 ","800.549,85 ","0,00 ","800.549,85 ","0,00 ","0,00 ","0,00 ","0,00 ","0,00 ","0,00 ","0,00 ","0,00 ","0,00 ","0,00 ","0,00 ","0,00 ","0,00 ","0,00 ","0,00 ","0,00 ","0,00 ","0,00 ","0,00 ","0,00 ","11.498,16 ","0,00 ","0,00 ","11.498,16 ","0,00 ","11.498,16 ","0,00 ","0,00 ","0,00 ","0,00 ","0,00 ","0,00 ","0,00 ","337.336,92 ","69.684,45 ","0,00 ","0,00 ","69.684,45 ","267.652,47 ","267.652,47 ","0,00 ","0,00 ","0,00 ","0,00 ","0,00 ","0,00 ","0,00 ","0,00 ","0,00 ","0,00 ","0,00 ","0,00 ","0,00 ","0,00 ","0,00 ","0,00 ","0,00 ","0,00 ","0,00 ","0,00 ","0,00 ","0,00 ","0,00 ","33.899,01 ","0,00 ","0,00 ","0,00 ","16.644,91 ","0,00 ","0,00 ","0,00 ","0,00 ","16.644,91 ","0,00 ","17.254,10 ","0,00 ","0,00 ","17.254,10 ","0,00 ","0,00 ","0,00 ","0,00 ","0,00 ","0,00 ","0,00 ","0,00 ","0,00 ","0,00 ","0,00 ","0,00 ","0,00 ","0,00 ","0,00 ","0,00 ","0,00 ","0,00 ","0,00 ","0,00 ","0,00 ","0,00 ","0,00 ","0,00 ","0,00 ","0,00 ","0,00 ","0,00 ","0,00 ","0,00 ","0,00 ","0,00 ","0,00 ","0,00 ","0,00 ","0,00 ","0,00 ","0,00 ","0,00 ","0,00 ","0,00 ","0,00 ","0,00 ","0,00 ","0,00 ","0,00 ","1.203.393,04 "
23.,16 ,OBČINA ČRNA NA KOROŠKEM,"0,00 ","0,00 ","0,00 ","0,00 ","0,00 ","0,00 ","0,00 ","0,00 ","0,00 ","0,00 ","0,00 ","0,00 ","0,00 ","0,00 ","0,00 ","0,00 ","0,00 ","0,00 ","0,00 ","42.249,00 ","0,00 ","0,00 ","0,00 ","0,00 ","0,00 ","42.249,00 ","0,00 ","0,00 ","42.249,00 ","0,00 ","0,00 ","0,00 ","63.193,00 ","0,00 ","0,00 ","0,00 ","0,00 ","0,00 ","0,00 ","0,00 ","63.193,00 ","0,00 ","63.193,00 ","7.366,00 ","7.366,00 ","0,00 ","7.366,00 ","0,00 ","0,00 ","0,00 ","0,00 ","0,00 ","0,00 ","0,00 ","0,00 ","0,00 ","0,00 ","0,00 ","0,00 ","0,00 ","0,00 ","0,00 ","0,00 ","0,00 ","0,00 ","0,00 ","0,00 ","0,00 ","0,00 ","0,00 ","0,00 ","0,00 ","0,00 ","0,00 ","0,00 ","0,00 ","1.002.871,00 ","1.002.871,00 ","7.990,00 ","982.044,00 ","0,00 ","12.837,00 ","0,00 ","0,00 ","0,00 ","0,00 ","0,00 ","0,00 ","0,00 ","0,00 ","0,00 ","0,00 ","40.346,00 ","0,00 ","0,00 ","0,00 ","0,00 ","40.346,00 ","0,00 ","40.346,00 ","388.810,00 ","0,00 ","0,00 ","338.206,00 ","226.815,00 ","108.511,00 ","2.880,00 ","36.841,00 ","36.841,00 ","13.763,00 ","13.763,00 ","0,00 ","0,00 ","997.964,00 ","35.580,00 ","0,00 ","0,00 ","35.580,00 ","955.883,00 ","886.145,00 ","27.120,00 ","1.142,00 ","0,00 ","41.476,00 ","6.501,00 ","0,00 ","0,00 ","6.501,00 ","0,00 ","0,00 ","0,00 ","337,00 ","337,00 ","337,00 ","0,00 ","0,00 ","0,00 ","0,00 ","0,00 ","0,00 ","0,00 ","0,00 ","0,00 ","69.896,00 ","0,00 ","0,00 ","0,00 ","0,00 ","0,00 ","0,00 ","0,00 ","0,00 ","0,00 ","0,00 ","0,00 ","0,00 ","0,00 ","0,00 ","0,00 ","69.896,00 ","69.896,00 ","0,00 ","513.383,00 ","17.828,00 ","17.828,00 ","0,00 ","495.555,00 ","495.555,00 ","0,00 ","0,00 ","0,00 ","0,00 ","0,00 ","0,00 ","0,00 ","0,00 ","0,00 ","0,00 ","0,00 ","0,00 ","0,00 ","0,00 ","0,00 ","0,00 ","0,00 ","0,00 ","0,00 ","0,00 ","0,00 ","0,00 ","0,00 ","0,00 ","0,00 ","0,00 ","0,00 ","0,00 ","0,00 ","0,00 ","0,00 ","0,00 ","0,00 ","0,00 ","0,00 ","0,00 ","3.126.415,00 "
24.,17 ,OBČINA ČRNOMELJ,"0,00 ","0,00 ","0,00 ","0,00 ","0,00 ","0,00 ","0,00 ","0,00 ","0,00 ","0,00 ","0,00 ","0,00 ","0,00 ","0,00 ","0,00 ","0,00 ","0,00 ","0,00 ","0,00 ","4.315,18 ","0,00 ","0,00 ","0,00 ","0,00 ","0,00 ","4.315,18 ","0,00 ","0,00 ","4.315,18 ","0,00 ","0,00 ","0,00 ","49.551,63 ","0,00 ","0,00 ","0,00 ","0,00 ","0,00 ","0,00 ","0,00 ","49.551,63 ","0,00 ","49.551,63 ","12.872,03 ","12.872,03 ","12.872,03 ","0,00 ","0,00 ","0,00 ","0,00 ","0,00 ","0,00 ","0,00 ","0,00 ","1.175,20 ","1.175,20 ","0,00 ","0,00 ","1.175,20 ","0,00 ","0,00 ","0,00 ","0,00 ","0,00 ","0,00 ","0,00 ","0,00 ","0,00 ","0,00 ","0,00 ","0,00 ","0,00 ","0,00 ","0,00 ","0,00 ","0,00 ","617.909,50 ","617.909,50 ","0,00 ","552.110,43 ","16.578,00 ","49.221,07 ","0,00 ","0,00 ","0,00 ","0,00 ","0,00 ","0,00 ","0,00 ","0,00 ","0,00 ","0,00 ","85.708,57 ","0,00 ","0,00 ","0,00 ","0,00 ","85.708,57 ","0,00 ","85.708,57 ","1.531.276,52 ","0,00 ","0,00 ","1.531.276,52 ","38.041,50 ","1.477.125,02 ","16.110,00 ","0,00 ","0,00 ","0,00 ","0,00 ","0,00 ","0,00 ","1.494.471,62 ","210.299,77 ","0,00 ","0,00 ","210.299,77 ","1.150.429,75 ","1.145.607,97 ","4.821,78 ","0,00 ","0,00 ","0,00 ","44.574,00 ","0,00 ","44.574,00 ","0,00 ","89.168,10 ","0,00 ","89.168,10 ","0,00 ","0,00 ","0,00 ","0,00 ","0,00 ","0,00 ","0,00 ","0,00 ","0,00 ","0,00 ","0,00 ","0,00 ","826.836,82 ","712.371,62 ","712.371,62 ","0,00 ","0,00 ","0,00 ","0,00 ","0,00 ","0,00 ","0,00 ","0,00 ","0,00 ","0,00 ","0,00 ","0,00 ","0,00 ","114.465,20 ","114.465,20 ","0,00 ","1.123.983,04 ","2.520,00 ","2.520,00 ","0,00 ","1.121.463,04 ","1.026.880,90 ","94.582,14 ","0,00 ","0,00 ","0,00 ","0,00 ","0,00 ","0,00 ","0,00 ","0,00 ","0,00 ","0,00 ","0,00 ","0,00 ","0,00 ","0,00 ","0,00 ","0,00 ","0,00 ","0,00 ","0,00 ","0,00 ","0,00 ","0,00 ","0,00 ","0,00 ","0,00 ","0,00 ","0,00 ","0,00 ","0,00 ","0,00 ","0,00 ","0,00 ","0,00 ","0,00 ","0,00 ","5.748.100,11 "
25.,18 ,OBČINA DESTRNIK,"0,00 ","0,00 ","0,00 ","0,00 ","0,00 ","0,00 ","0,00 ","0,00 ","0,00 ","0,00 ","0,00 ","0,00 ","0,00 ","0,00 ","0,00 ","0,00 ","0,00 ","0,00 ","0,00 ","0,00 ","0,00 ","0,00 ","0,00 ","0,00 ","0,00 ","0,00 ","0,00 ","0,00 ","0,00 ","0,00 ","0,00 ","0,00 ","8.696,24 ","0,00 ","0,00 ","0,00 ","0,00 ","0,00 ","0,00 ","0,00 ","8.696,24 ","0,00 ","8.696,24 ","4.768,80 ","4.768,80 ","4.768,80 ","0,00 ","0,00 ","0,00 ","0,00 ","0,00 ","0,00 ","0,00 ","0,00 ","0,00 ","0,00 ","0,00 ","0,00 ","0,00 ","0,00 ","0,00 ","0,00 ","0,00 ","0,00 ","0,00 ","0,00 ","0,00 ","0,00 ","0,00 ","0,00 ","0,00 ","0,00 ","0,00 ","0,00 ","0,00 ","0,00 ","493.460,10 ","493.460,10 ","0,00 ","493.460,10 ","0,00 ","0,00 ","0,00 ","0,00 ","0,00 ","0,00 ","0,00 ","0,00 ","0,00 ","0,00 ","0,00 ","0,00 ","58.892,27 ","0,00 ","0,00 ","58.838,50 ","58.838,50 ","53,77 ","0,00 ","53,77 ","684.786,28 ","0,00 ","0,00 ","684.786,28 ","0,00 ","684.786,28 ","0,00 ","0,00 ","0,00 ","0,00 ","0,00 ","0,00 ","0,00 ","234.126,10 ","40.650,00 ","6.960,00 ","0,00 ","33.690,00 ","0,00 ","0,00 ","0,00 ","0,00 ","0,00 ","0,00 ","193.476,10 ","0,00 ","193.476,10 ","0,00 ","0,00 ","0,00 ","0,00 ","255.202,37 ","255.202,37 ","255.202,37 ","0,00 ","0,00 ","0,00 ","0,00 ","0,00 ","0,00 ","0,00 ","0,00 ","0,00 ","157.602,67 ","0,00 ","0,00 ","0,00 ","69.033,65 ","0,00 ","0,00 ","3.546,34 ","0,00 ","65.487,31 ","0,00 ","0,00 ","0,00 ","0,00 ","0,00 ","0,00 ","88.569,02 ","88.569,02 ","0,00 ","2.880,00 ","2.880,00 ","2.880,00 ","0,00 ","0,00 ","0,00 ","0,00 ","0,00 ","0,00 ","0,00 ","0,00 ","0,00 ","0,00 ","0,00 ","0,00 ","0,00 ","0,00 ","0,00 ","0,00 ","0,00 ","0,00 ","0,00 ","0,00 ","0,00 ","0,00 ","0,00 ","0,00 ","0,00 ","0,00 ","0,00 ","0,00 ","0,00 ","0,00 ","0,00 ","0,00 ","0,00 ","0,00 ","0,00 ","0,00 ","0,00 ","0,00 ","0,00 ","1.900.414,83 "
26.,19 ,OBČINA DIVAČA,"148,98 ","148,98 ","0,00 ","0,00 ","148,98 ","0,00 ","0,00 ","0,00 ","0,00 ","0,00 ","0,00 ","0,00 ","0,00 ","0,00 ","0,00 ","0,00 ","0,00 ","0,00 ","0,00 ","42.544,36 ","0,00 ","0,00 ","0,00 ","0,00 ","0,00 ","42.544,36 ","0,00 ","0,00 ","42.544,36 ","0,00 ","0,00 ","0,00 ","48.643,56 ","0,00 ","0,00 ","0,00 ","0,00 ","0,00 ","0,00 ","0,00 ","48.643,56 ","0,00 ","48.643,56 ","2.227,23 ","2.227,23 ","2.227,23 ","0,00 ","22.146,00 ","22.146,00 ","22.146,00 ","0,00 ","0,00 ","0,00 ","0,00 ","0,00 ","0,00 ","0,00 ","0,00 ","0,00 ","0,00 ","0,00 ","0,00 ","0,00 ","0,00 ","0,00 ","0,00 ","0,00 ","0,00 ","0,00 ","0,00 ","0,00 ","0,00 ","0,00 ","0,00 ","0,00 ","0,00 ","109.674,78 ","109.674,78 ","1.395,51 ","97.732,78 ","0,00 ","10.546,49 ","0,00 ","0,00 ","0,00 ","0,00 ","0,00 ","0,00 ","0,00 ","0,00 ","0,00 ","0,00 ","60.600,00 ","0,00 ","0,00 ","60.600,00 ","60.600,00 ","0,00 ","0,00 ","0,00 ","228.670,65 ","0,00 ","0,00 ","228.670,65 ","0,00 ","228.670,65 ","0,00 ","0,00 ","0,00 ","0,00 ","0,00 ","0,00 ","0,00 ","1.229.044,76 ","0,00 ","0,00 ","0,00 ","0,00 ","12.976,00 ","0,00 ","0,00 ","0,00 ","0,00 ","12.976,00 ","0,00 ","0,00 ","0,00 ","0,00 ","1.216.068,76 ","830.800,40 ","385.268,36 ","0,00 ","0,00 ","0,00 ","0,00 ","0,00 ","0,00 ","0,00 ","0,00 ","0,00 ","0,00 ","0,00 ","0,00 ","661.354,27 ","2.517,60 ","2.517,60 ","0,00 ","650.637,38 ","0,00 ","0,00 ","0,00 ","0,00 ","650.637,38 ","0,00 ","0,00 ","0,00 ","0,00 ","0,00 ","0,00 ","8.199,29 ","8.199,29 ","0,00 ","152.428,91 ","95.946,33 ","95.946,33 ","0,00 ","56.482,58 ","0,00 ","56.482,58 ","0,00 ","0,00 ","0,00 ","0,00 ","0,00 ","0,00 ","0,00 ","0,00 ","0,00 ","0,00 ","0,00 ","0,00 ","0,00 ","0,00 ","0,00 ","0,00 ","0,00 ","0,00 ","0,00 ","0,00 ","0,00 ","0,00 ","0,00 ","0,00 ","0,00 ","0,00 ","0,00 ","0,00 ","0,00 ","0,00 ","0,00 ","0,00 ","0,00 ","0,00 ","0,00 ","2.557.483,50 "
27.,154 ,OBČINA DOBJE,"0,00 ","0,00 ","0,00 ","0,00 ","0,00 ","0,00 ","0,00 ","0,00 ","0,00 ","0,00 ","0,00 ","0,00 ","0,00 ","0,00 ","0,00 ","0,00 ","0,00 ","0,00 ","0,00 ","919,56 ","0,00 ","0,00 ","919,56 ","919,56 ","0,00 ","0,00 ","0,00 ","0,00 ","0,00 ","0,00 ","0,00 ","0,00 ","5.500,51 ","0,00 ","0,00 ","0,00 ","0,00 ","0,00 ","0,00 ","0,00 ","5.500,51 ","0,00 ","5.500,51 ","0,00 ","0,00 ","0,00 ","0,00 ","1.740,06 ","1.740,06 ","1.740,06 ","0,00 ","0,00 ","0,00 ","0,00 ","0,00 ","0,00 ","0,00 ","0,00 ","0,00 ","0,00 ","0,00 ","0,00 ","0,00 ","0,00 ","0,00 ","0,00 ","0,00 ","0,00 ","0,00 ","0,00 ","0,00 ","0,00 ","0,00 ","0,00 ","0,00 ","0,00 ","101.583,49 ","101.583,49 ","0,00 ","101.168,77 ","414,72 ","0,00 ","0,00 ","0,00 ","0,00 ","0,00 ","0,00 ","0,00 ","0,00 ","0,00 ","0,00 ","0,00 ","9.621,00 ","0,00 ","0,00 ","0,00 ","0,00 ","9.621,00 ","0,00 ","9.621,00 ","46.515,20 ","0,00 ","0,00 ","46.515,20 ","0,00 ","46.515,20 ","0,00 ","0,00 ","0,00 ","0,00 ","0,00 ","0,00 ","0,00 ","61.522,07 ","34.758,00 ","3.672,00 ","0,00 ","31.086,00 ","4.874,22 ","4.584,95 ","289,27 ","0,00 ","0,00 ","0,00 ","12.183,02 ","0,00 ","12.183,02 ","0,00 ","9.706,83 ","9.706,83 ","0,00 ","0,00 ","0,00 ","0,00 ","0,00 ","0,00 ","0,00 ","0,00 ","0,00 ","0,00 ","0,00 ","0,00 ","0,00 ","4.353,81 ","0,00 ","0,00 ","0,00 ","4.353,81 ","0,00 ","0,00 ","0,00 ","0,00 ","4.353,81 ","0,00 ","0,00 ","0,00 ","0,00 ","0,00 ","0,00 ","0,00 ","0,00 ","0,00 ","9.712,31 ","9.712,31 ","9.712,31 ","0,00 ","0,00 ","0,00 ","0,00 ","0,00 ","0,00 ","0,00 ","0,00 ","0,00 ","0,00 ","0,00 ","0,00 ","0,00 ","0,00 ","0,00 ","0,00 ","0,00 ","0,00 ","0,00 ","0,00 ","0,00 ","0,00 ","0,00 ","0,00 ","0,00 ","0,00 ","0,00 ","0,00 ","0,00 ","0,00 ","0,00 ","0,00 ","0,00 ","0,00 ","0,00 ","0,00 ","0,00 ","0,00 ","0,00 ","241.468,01 "
28.,20 ,OBČINA DOBREPOLJE,"0,00 ","0,00 ","0,00 ","0,00 ","0,00 ","0,00 ","0,00 ","0,00 ","0,00 ","0,00 ","0,00 ","0,00 ","0,00 ","0,00 ","0,00 ","0,00 ","0,00 ","0,00 ","0,00 ","1.077,60 ","0,00 ","0,00 ","0,00 ","0,00 ","0,00 ","1.077,60 ","0,00 ","0,00 ","1.077,60 ","0,00 ","0,00 ","0,00 ","111.382,20 ","2.493,46 ","0,00 ","0,00 ","2.493,46 ","0,00 ","0,00 ","0,00 ","108.888,74 ","0,00 ","108.888,74 ","229,49 ","229,49 ","229,49 ","0,00 ","0,00 ","0,00 ","0,00 ","0,00 ","0,00 ","0,00 ","0,00 ","2.961,84 ","48,00 ","0,00 ","0,00 ","48,00 ","0,00 ","0,00 ","0,00 ","0,00 ","2.913,84 ","2.913,84 ","0,00 ","0,00 ","0,00 ","0,00 ","0,00 ","0,00 ","0,00 ","0,00 ","0,00 ","0,00 ","0,00 ","76.205,53 ","74.779,93 ","3.486,12 ","48.145,25 ","12.951,89 ","10.196,67 ","0,00 ","0,00 ","0,00 ","0,00 ","0,00 ","0,00 ","0,00 ","0,00 ","1.425,60 ","1.425,60 ","0,00 ","0,00 ","0,00 ","0,00 ","0,00 ","0,00 ","0,00 ","0,00 ","5.088,59 ","0,00 ","0,00 ","5.088,59 ","0,00 ","5.088,59 ","0,00 ","0,00 ","0,00 ","0,00 ","0,00 ","0,00 ","0,00 ","152.845,93 ","63.019,16 ","0,00 ","0,00 ","63.019,16 ","22.418,74 ","4.097,76 ","17.692,78 ","0,00 ","0,00 ","628,20 ","970,60 ","0,00 ","0,00 ","970,60 ","66.437,43 ","10.136,43 ","56.301,00 ","0,00 ","0,00 ","0,00 ","0,00 ","0,00 ","0,00 ","0,00 ","0,00 ","0,00 ","0,00 ","0,00 ","0,00 ","19.105,40 ","0,00 ","0,00 ","0,00 ","18.605,40 ","0,00 ","0,00 ","0,00 ","0,00 ","18.605,40 ","0,00 ","0,00 ","0,00 ","0,00 ","0,00 ","0,00 ","500,00 ","500,00 ","0,00 ","29.637,45 ","0,00 ","0,00 ","0,00 ","29.637,45 ","29.637,45 ","0,00 ","0,00 ","0,00 ","0,00 ","0,00 ","0,00 ","0,00 ","0,00 ","0,00 ","0,00 ","0,00 ","0,00 ","0,00 ","0,00 ","0,00 ","0,00 ","0,00 ","0,00 ","0,00 ","0,00 ","0,00 ","0,00 ","0,00 ","0,00 ","0,00 ","0,00 ","0,00 ","0,00 ","0,00 ","0,00 ","0,00 ","0,00 ","0,00 ","0,00 ","0,00 ","0,00 ","398.534,03 "
29.,155 ,OBČINA DOBRNA,"0,00 ","0,00 ","0,00 ","0,00 ","0,00 ","0,00 ","0,00 ","0,00 ","0,00 ","0,00 ","0,00 ","0,00 ","0,00 ","0,00 ","0,00 ","0,00 ","0,00 ","0,00 ","0,00 ","0,00 ","0,00 ","0,00 ","0,00 ","0,00 ","0,00 ","0,00 ","0,00 ","0,00 ","0,00 ","0,00 ","0,00 ","0,00 ","21.771,47 ","0,00 ","0,00 ","0,00 ","0,00 ","0,00 ","0,00 ","0,00 ","21.771,47 ","0,00 ","21.771,47 ","0,00 ","0,00 ","0,00 ","0,00 ","0,00 ","0,00 ","0,00 ","0,00 ","0,00 ","0,00 ","0,00 ","0,00 ","0,00 ","0,00 ","0,00 ","0,00 ","0,00 ","0,00 ","0,00 ","0,00 ","0,00 ","0,00 ","0,00 ","0,00 ","22.876,66 ","22.876,66 ","22.876,66 ","0,00 ","0,00 ","0,00 ","0,00 ","0,00 ","0,00 ","22.777,70 ","22.777,70 ","9.240,00 ","13.537,70 ","0,00 ","0,00 ","0,00 ","0,00 ","0,00 ","0,00 ","0,00 ","0,00 ","0,00 ","0,00 ","0,00 ","0,00 ","0,00 ","0,00 ","0,00 ","0,00 ","0,00 ","0,00 ","0,00 ","0,00 ","912.922,62 ","0,00 ","0,00 ","912.922,62 ","0,00 ","912.922,62 ","0,00 ","0,00 ","0,00 ","0,00 ","0,00 ","0,00 ","0,00 ","264.491,54 ","42.118,40 ","0,00 ","0,00 ","42.118,40 ","222.373,14 ","221.572,89 ","165,90 ","0,00 ","634,35 ","0,00 ","0,00 ","0,00 ","0,00 ","0,00 ","0,00 ","0,00 ","0,00 ","0,00 ","0,00 ","0,00 ","0,00 ","0,00 ","0,00 ","0,00 ","0,00 ","0,00 ","0,00 ","0,00 ","0,00 ","575.069,44 ","0,00 ","0,00 ","0,00 ","573.736,72 ","0,00 ","0,00 ","0,00 ","0,00 ","573.736,72 ","0,00 ","0,00 ","0,00 ","0,00 ","0,00 ","0,00 ","1.332,72 ","1.332,72 ","0,00 ","1.324.835,09 ","13.874,80 ","13.874,80 ","0,00 ","1.310.960,29 ","1.310.960,29 ","0,00 ","0,00 ","0,00 ","0,00 ","0,00 ","0,00 ","0,00 ","0,00 ","0,00 ","0,00 ","0,00 ","0,00 ","0,00 ","0,00 ","0,00 ","0,00 ","0,00 ","0,00 ","0,00 ","0,00 ","0,00 ","0,00 ","0,00 ","0,00 ","0,00 ","0,00 ","0,00 ","0,00 ","0,00 ","0,00 ","0,00 ","0,00 ","0,00 ","0,00 ","0,00 ","0,00 ","3.144.744,52 "
30.,21 ,OBČINA DOBROVA-POLHOV GRADEC,"0,00 ","0,00 ","0,00 ","0,00 ","0,00 ","0,00 ","0,00 ","0,00 ","0,00 ","0,00 ","0,00 ","0,00 ","0,00 ","0,00 ","0,00 ","0,00 ","0,00 ","0,00 ","0,00 ","0,00 ","0,00 ","0,00 ","0,00 ","0,00 ","0,00 ","0,00 ","0,00 ","0,00 ","0,00 ","0,00 ","0,00 ","0,00 ","181.546,22 ","0,00 ","0,00 ","0,00 ","0,00 ","3.732,37 ","3.732,37 ","0,00 ","177.813,85 ","0,00 ","177.813,85 ","11.879,90 ","11.879,90 ","11.879,90 ","0,00 ","0,00 ","0,00 ","0,00 ","0,00 ","0,00 ","0,00 ","0,00 ","0,00 ","0,00 ","0,00 ","0,00 ","0,00 ","0,00 ","0,00 ","0,00 ","0,00 ","0,00 ","0,00 ","0,00 ","0,00 ","0,00 ","0,00 ","0,00 ","0,00 ","0,00 ","0,00 ","0,00 ","0,00 ","0,00 ","770.831,05 ","770.831,05 ","0,00 ","767.802,39 ","0,00 ","3.028,66 ","0,00 ","0,00 ","0,00 ","0,00 ","0,00 ","0,00 ","0,00 ","0,00 ","0,00 ","0,00 ","6.460,80 ","0,00 ","0,00 ","0,00 ","0,00 ","6.460,80 ","0,00 ","6.460,80 ","21.471,15 ","0,00 ","0,00 ","21.471,15 ","0,00 ","21.471,15 ","0,00 ","0,00 ","0,00 ","0,00 ","0,00 ","0,00 ","0,00 ","213.187,58 ","25.417,43 ","0,00 ","0,00 ","25.417,43 ","138.785,15 ","121.900,51 ","16.884,64 ","0,00 ","0,00 ","0,00 ","0,00 ","0,00 ","0,00 ","0,00 ","48.985,00 ","48.985,00 ","0,00 ","0,00 ","0,00 ","0,00 ","0,00 ","0,00 ","0,00 ","0,00 ","0,00 ","0,00 ","0,00 ","0,00 ","0,00 ","16.841,18 ","0,00 ","0,00 ","0,00 ","16.841,18 ","13.620,74 ","0,00 ","0,00 ","0,00 ","3.220,44 ","0,00 ","0,00 ","0,00 ","0,00 ","0,00 ","0,00 ","0,00 ","0,00 ","0,00 ","2.561.176,07 ","0,00 ","0,00 ","0,00 ","2.561.176,07 ","2.561.176,07 ","0,00 ","0,00 ","0,00 ","0,00 ","0,00 ","0,00 ","0,00 ","0,00 ","0,00 ","0,00 ","0,00 ","0,00 ","0,00 ","0,00 ","78,00 ","0,00 ","0,00 ","0,00 ","0,00 ","78,00 ","0,00 ","0,00 ","78,00 ","0,00 ","0,00 ","0,00 ","0,00 ","0,00 ","0,00 ","0,00 ","0,00 ","0,00 ","0,00 ","0,00 ","0,00 ","0,00 ","3.783.471,95 "
31.,156 ,OBČINA DOBROVNIK,"0,00 ","0,00 ","0,00 ","0,00 ","0,00 ","0,00 ","0,00 ","0,00 ","0,00 ","0,00 ","0,00 ","0,00 ","0,00 ","0,00 ","0,00 ","0,00 ","0,00 ","0,00 ","0,00 ","10.000,00 ","0,00 ","0,00 ","10.000,00 ","10.000,00 ","0,00 ","0,00 ","0,00 ","0,00 ","0,00 ","2.503,76 ","2.503,76 ","2.503,76 ","91.008,48 ","0,00 ","0,00 ","0,00 ","0,00 ","25.000,00 ","25.000,00 ","0,00 ","66.008,48 ","0,00 ","66.008,48 ","0,00 ","0,00 ","0,00 ","0,00 ","0,00 ","0,00 ","0,00 ","0,00 ","0,00 ","0,00 ","0,00 ","0,00 ","0,00 ","0,00 ","0,00 ","0,00 ","0,00 ","0,00 ","0,00 ","0,00 ","0,00 ","0,00 ","0,00 ","0,00 ","0,00 ","0,00 ","0,00 ","0,00 ","0,00 ","0,00 ","0,00 ","0,00 ","0,00 ","18.344,60 ","18.344,60 ","0,00 ","18.344,60 ","0,00 ","0,00 ","0,00 ","0,00 ","0,00 ","0,00 ","0,00 ","0,00 ","0,00 ","0,00 ","0,00 ","0,00 ","0,00 ","0,00 ","0,00 ","0,00 ","0,00 ","0,00 ","0,00 ","0,00 ","226.712,52 ","0,00 ","0,00 ","226.712,52 ","15.998,97 ","210.713,55 ","0,00 ","0,00 ","0,00 ","0,00 ","0,00 ","0,00 ","0,00 ","44.392,97 ","21.860,00 ","0,00 ","0,00 ","21.860,00 ","22.532,97 ","22.532,97 ","0,00 ","0,00 ","0,00 ","0,00 ","0,00 ","0,00 ","0,00 ","0,00 ","0,00 ","0,00 ","0,00 ","121.275,65 ","121.275,65 ","121.275,65 ","0,00 ","0,00 ","0,00 ","0,00 ","0,00 ","0,00 ","0,00 ","0,00 ","0,00 ","1.500,00 ","0,00 ","0,00 ","0,00 ","1.500,00 ","0,00 ","0,00 ","0,00 ","0,00 ","1.500,00 ","0,00 ","0,00 ","0,00 ","0,00 ","0,00 ","0,00 ","0,00 ","0,00 ","0,00 ","33.672,00 ","0,00 ","0,00 ","0,00 ","33.672,00 ","33.672,00 ","0,00 ","0,00 ","0,00 ","0,00 ","0,00 ","0,00 ","0,00 ","0,00 ","0,00 ","0,00 ","0,00 ","0,00 ","0,00 ","0,00 ","0,00 ","0,00 ","0,00 ","0,00 ","0,00 ","0,00 ","0,00 ","0,00 ","0,00 ","0,00 ","0,00 ","0,00 ","0,00 ","0,00 ","0,00 ","0,00 ","0,00 ","0,00 ","0,00 ","0,00 ","0,00 ","0,00 ","549.409,98 "
32.,22 ,OBČINA DOL PRI LJUBLJANI,"0,00 ","0,00 ","0,00 ","0,00 ","0,00 ","0,00 ","0,00 ","0,00 ","0,00 ","0,00 ","0,00 ","0,00 ","0,00 ","0,00 ","0,00 ","0,00 ","0,00 ","0,00 ","0,00 ","0,00 ","0,00 ","0,00 ","0,00 ","0,00 ","0,00 ","0,00 ","0,00 ","0,00 ","0,00 ","14.424,00 ","14.424,00 ","14.424,00 ","70.829,56 ","0,00 ","0,00 ","0,00 ","0,00 ","0,00 ","0,00 ","0,00 ","70.829,56 ","26.599,27 ","44.230,29 ","13.577,20 ","13.577,20 ","13.577,20 ","0,00 ","0,00 ","0,00 ","0,00 ","0,00 ","0,00 ","0,00 ","0,00 ","0,00 ","0,00 ","0,00 ","0,00 ","0,00 ","0,00 ","0,00 ","0,00 ","0,00 ","0,00 ","0,00 ","0,00 ","0,00 ","0,00 ","0,00 ","0,00 ","0,00 ","0,00 ","0,00 ","0,00 ","0,00 ","0,00 ","283.847,04 ","283.847,04 ","13.657,49 ","255.842,52 ","0,00 ","14.347,03 ","0,00 ","0,00 ","0,00 ","0,00 ","0,00 ","0,00 ","0,00 ","0,00 ","0,00 ","0,00 ","0,00 ","0,00 ","0,00 ","0,00 ","0,00 ","0,00 ","0,00 ","0,00 ","259.916,99 ","0,00 ","0,00 ","259.916,99 ","2.937,36 ","256.979,63 ","0,00 ","0,00 ","0,00 ","0,00 ","0,00 ","0,00 ","0,00 ","59.991,72 ","13.375,26 ","0,00 ","0,00 ","13.375,26 ","46.616,46 ","37.490,52 ","9.125,94 ","0,00 ","0,00 ","0,00 ","0,00 ","0,00 ","0,00 ","0,00 ","0,00 ","0,00 ","0,00 ","0,00 ","0,00 ","0,00 ","0,00 ","0,00 ","0,00 ","0,00 ","0,00 ","0,00 ","0,00 ","0,00 ","0,00 ","7.659,94 ","5.571,94 ","5.571,94 ","0,00 ","2.088,00 ","0,00 ","0,00 ","2.088,00 ","0,00 ","0,00 ","0,00 ","0,00 ","0,00 ","0,00 ","0,00 ","0,00 ","0,00 ","0,00 ","0,00 ","279.635,79 ","7.090,89 ","7.090,89 ","0,00 ","272.544,90 ","272.544,90 ","0,00 ","0,00 ","0,00 ","0,00 ","0,00 ","0,00 ","0,00 ","0,00 ","0,00 ","0,00 ","0,00 ","0,00 ","0,00 ","0,00 ","15.924,00 ","0,00 ","0,00 ","0,00 ","0,00 ","15.924,00 ","0,00 ","0,00 ","15.924,00 ","0,00 ","0,00 ","0,00 ","0,00 ","0,00 ","0,00 ","0,00 ","0,00 ","0,00 ","0,00 ","0,00 ","0,00 ","0,00 ","1.005.806,24 "
33.,157 ,OBČINA DOLENJSKE TOPLICE,"0,00 ","0,00 ","0,00 ","0,00 ","0,00 ","0,00 ","0,00 ","0,00 ","0,00 ","0,00 ","0,00 ","0,00 ","0,00 ","0,00 ","0,00 ","0,00 ","0,00 ","0,00 ","0,00 ","0,00 ","0,00 ","0,00 ","0,00 ","0,00 ","0,00 ","0,00 ","0,00 ","0,00 ","0,00 ","0,00 ","0,00 ","0,00 ","10.956,52 ","0,00 ","0,00 ","0,00 ","0,00 ","0,00 ","0,00 ","0,00 ","10.956,52 ","519,60 ","10.436,92 ","17.615,78 ","17.615,78 ","11.456,18 ","6.159,60 ","4.768,00 ","4.768,00 ","4.768,00 ","0,00 ","0,00 ","0,00 ","0,00 ","0,00 ","0,00 ","0,00 ","0,00 ","0,00 ","0,00 ","0,00 ","0,00 ","0,00 ","0,00 ","0,00 ","0,00 ","0,00 ","0,00 ","0,00 ","0,00 ","0,00 ","0,00 ","0,00 ","0,00 ","0,00 ","0,00 ","1.282.784,34 ","261.904,34 ","0,00 ","225.803,79 ","29.973,60 ","6.126,95 ","0,00 ","0,00 ","0,00 ","0,00 ","0,00 ","0,00 ","0,00 ","0,00 ","1.020.880,00 ","1.020.880,00 ","24.340,39 ","0,00 ","0,00 ","0,00 ","0,00 ","24.340,39 ","24.340,39 ","0,00 ","170.172,88 ","0,00 ","0,00 ","30.717,89 ","4.797,89 ","6.360,00 ","19.560,00 ","139.454,99 ","139.454,99 ","0,00 ","0,00 ","0,00 ","0,00 ","79.767,67 ","54.166,00 ","0,00 ","0,00 ","54.166,00 ","2.962,68 ","0,00 ","0,00 ","0,00 ","0,00 ","2.962,68 ","22.134,99 ","0,00 ","22.134,99 ","0,00 ","504,00 ","0,00 ","504,00 ","0,00 ","0,00 ","0,00 ","0,00 ","0,00 ","0,00 ","0,00 ","0,00 ","0,00 ","0,00 ","0,00 ","0,00 ","326.359,36 ","0,00 ","0,00 ","0,00 ","326.359,36 ","0,00 ","0,00 ","0,00 ","0,00 ","326.359,36 ","0,00 ","0,00 ","0,00 ","0,00 ","0,00 ","0,00 ","0,00 ","0,00 ","0,00 ","14.699,88 ","0,00 ","0,00 ","0,00 ","14.699,88 ","14.699,88 ","0,00 ","0,00 ","0,00 ","0,00 ","0,00 ","0,00 ","0,00 ","0,00 ","0,00 ","0,00 ","0,00 ","0,00 ","0,00 ","0,00 ","0,00 ","0,00 ","0,00 ","0,00 ","0,00 ","0,00 ","0,00 ","0,00 ","0,00 ","0,00 ","0,00 ","0,00 ","0,00 ","0,00 ","0,00 ","0,00 ","0,00 ","0,00 ","0,00 ","0,00 ","0,00 ","0,00 ","1.931.464,82 "
34.,23 ,OBČINA DOMŽALE,"0,00 ","0,00 ","0,00 ","0,00 ","0,00 ","0,00 ","0,00 ","0,00 ","0,00 ","0,00 ","0,00 ","0,00 ","0,00 ","0,00 ","0,00 ","0,00 ","0,00 ","0,00 ","0,00 ","0,00 ","0,00 ","0,00 ","0,00 ","0,00 ","0,00 ","0,00 ","0,00 ","0,00 ","0,00 ","0,00 ","0,00 ","0,00 ","98.672,68 ","0,00 ","0,00 ","0,00 ","0,00 ","0,00 ","0,00 ","0,00 ","98.672,68 ","0,00 ","98.672,68 ","28.814,71 ","28.814,71 ","28.814,71 ","0,00 ","0,00 ","0,00 ","0,00 ","0,00 ","0,00 ","0,00 ","0,00 ","0,00 ","0,00 ","0,00 ","0,00 ","0,00 ","0,00 ","0,00 ","0,00 ","0,00 ","0,00 ","0,00 ","0,00 ","0,00 ","0,00 ","0,00 ","0,00 ","0,00 ","0,00 ","0,00 ","0,00 ","0,00 ","0,00 ","1.439.415,99 ","1.439.415,99 ","2.734,26 ","1.361.809,33 ","3.888,80 ","70.983,60 ","0,00 ","0,00 ","0,00 ","0,00 ","0,00 ","0,00 ","0,00 ","0,00 ","0,00 ","0,00 ","0,00 ","0,00 ","0,00 ","0,00 ","0,00 ","0,00 ","0,00 ","0,00 ","506.184,32 ","0,00 ","0,00 ","506.184,32 ","0,00 ","506.184,32 ","0,00 ","0,00 ","0,00 ","0,00 ","0,00 ","0,00 ","0,00 ","1.700.686,11 ","92.371,03 ","0,00 ","0,00 ","92.371,03 ","841.691,20 ","209.593,28 ","210.615,46 ","421.482,46 ","0,00 ","0,00 ","208.467,17 ","0,00 ","208.467,17 ","0,00 ","558.156,71 ","0,00 ","558.156,71 ","0,00 ","0,00 ","0,00 ","0,00 ","0,00 ","0,00 ","0,00 ","0,00 ","0,00 ","0,00 ","0,00 ","0,00 ","100.559,94 ","100.559,94 ","100.559,94 ","0,00 ","0,00 ","0,00 ","0,00 ","0,00 ","0,00 ","0,00 ","0,00 ","0,00 ","0,00 ","0,00 ","0,00 ","0,00 ","0,00 ","0,00 ","0,00 ","2.222.769,00 ","1.473.629,51 ","1.473.629,51 ","0,00 ","749.139,49 ","749.139,49 ","0,00 ","0,00 ","0,00 ","0,00 ","0,00 ","0,00 ","0,00 ","0,00 ","0,00 ","0,00 ","0,00 ","0,00 ","0,00 ","0,00 ","0,00 ","0,00 ","0,00 ","0,00 ","0,00 ","0,00 ","0,00 ","0,00 ","0,00 ","0,00 ","0,00 ","0,00 ","0,00 ","0,00 ","0,00 ","0,00 ","0,00 ","0,00 ","0,00 ","0,00 ","0,00 ","0,00 ","6.097.102,75 "
35.,24 ,OBČINA DORNAVA,"0,00 ","0,00 ","0,00 ","0,00 ","0,00 ","0,00 ","0,00 ","0,00 ","0,00 ","0,00 ","0,00 ","0,00 ","0,00 ","0,00 ","0,00 ","0,00 ","0,00 ","0,00 ","0,00 ","0,00 ","0,00 ","0,00 ","0,00 ","0,00 ","0,00 ","0,00 ","0,00 ","0,00 ","0,00 ","0,00 ","0,00 ","0,00 ","52.889,92 ","0,00 ","0,00 ","0,00 ","0,00 ","0,00 ","0,00 ","0,00 ","52.889,92 ","3.096,44 ","49.793,48 ","98.749,90 ","98.749,90 ","0,00 ","98.749,90 ","0,00 ","0,00 ","0,00 ","0,00 ","0,00 ","0,00 ","0,00 ","0,00 ","0,00 ","0,00 ","0,00 ","0,00 ","0,00 ","0,00 ","0,00 ","0,00 ","0,00 ","0,00 ","0,00 ","0,00 ","0,00 ","0,00 ","0,00 ","0,00 ","0,00 ","0,00 ","0,00 ","0,00 ","0,00 ","112.440,38 ","112.440,38 ","0,00 ","112.440,38 ","0,00 ","0,00 ","0,00 ","0,00 ","0,00 ","0,00 ","0,00 ","0,00 ","0,00 ","0,00 ","0,00 ","0,00 ","0,00 ","0,00 ","0,00 ","0,00 ","0,00 ","0,00 ","0,00 ","0,00 ","296.125,97 ","0,00 ","0,00 ","296.125,97 ","0,00 ","296.125,97 ","0,00 ","0,00 ","0,00 ","0,00 ","0,00 ","0,00 ","0,00 ","38.697,74 ","0,00 ","0,00 ","0,00 ","0,00 ","23.645,84 ","0,00 ","0,00 ","0,00 ","0,00 ","23.645,84 ","0,00 ","0,00 ","0,00 ","0,00 ","15.051,90 ","0,00 ","15.051,90 ","0,00 ","0,00 ","0,00 ","0,00 ","0,00 ","0,00 ","0,00 ","0,00 ","0,00 ","0,00 ","0,00 ","0,00 ","0,00 ","0,00 ","0,00 ","0,00 ","0,00 ","0,00 ","0,00 ","0,00 ","0,00 ","0,00 ","0,00 ","0,00 ","0,00 ","0,00 ","0,00 ","0,00 ","0,00 ","0,00 ","0,00 ","13.852,21 ","9.820,69 ","9.820,69 ","0,00 ","4.031,52 ","4.031,52 ","0,00 ","0,00 ","0,00 ","0,00 ","0,00 ","0,00 ","0,00 ","0,00 ","0,00 ","0,00 ","0,00 ","0,00 ","0,00 ","0,00 ","0,00 ","0,00 ","0,00 ","0,00 ","0,00 ","0,00 ","0,00 ","0,00 ","0,00 ","0,00 ","0,00 ","0,00 ","0,00 ","0,00 ","0,00 ","0,00 ","0,00 ","0,00 ","0,00 ","0,00 ","0,00 ","0,00 ","612.756,12 "
36.,25 ,OBČINA DRAVOGRAD,"0,00 ","0,00 ","0,00 ","0,00 ","0,00 ","0,00 ","0,00 ","0,00 ","0,00 ","0,00 ","0,00 ","0,00 ","0,00 ","0,00 ","0,00 ","0,00 ","0,00 ","0,00 ","0,00 ","0,00 ","0,00 ","0,00 ","0,00 ","0,00 ","0,00 ","0,00 ","0,00 ","0,00 ","0,00 ","0,00 ","0,00 ","0,00 ","40.484,60 ","0,00 ","0,00 ","0,00 ","0,00 ","451,19 ","451,19 ","0,00 ","40.033,41 ","0,00 ","40.033,41 ","6.498,08 ","6.498,08 ","6.498,08 ","0,00 ","0,00 ","0,00 ","0,00 ","0,00 ","0,00 ","0,00 ","0,00 ","0,00 ","0,00 ","0,00 ","0,00 ","0,00 ","0,00 ","0,00 ","0,00 ","0,00 ","0,00 ","0,00 ","0,00 ","0,00 ","0,00 ","0,00 ","0,00 ","0,00 ","0,00 ","0,00 ","0,00 ","0,00 ","0,00 ","1.725.346,63 ","1.725.346,63 ","0,00 ","1.658.692,81 ","1.940,84 ","11.122,83 ","0,00 ","53.590,15 ","0,00 ","0,00 ","0,00 ","0,00 ","0,00 ","0,00 ","0,00 ","0,00 ","56.603,49 ","0,00 ","0,00 ","12.601,56 ","12.601,56 ","44.001,93 ","0,00 ","44.001,93 ","1.580.639,11 ","0,00 ","0,00 ","1.580.531,11 ","485.030,08 ","1.095.501,03 ","0,00 ","108,00 ","108,00 ","0,00 ","0,00 ","0,00 ","0,00 ","408.337,31 ","81.302,67 ","0,00 ","0,00 ","81.302,67 ","10.916,56 ","0,00 ","7.379,75 ","3.536,81 ","0,00 ","0,00 ","79.329,87 ","0,00 ","79.329,87 ","0,00 ","236.788,21 ","821,40 ","235.966,81 ","49.417,39 ","49.417,39 ","49.417,39 ","0,00 ","0,00 ","0,00 ","0,00 ","0,00 ","0,00 ","0,00 ","0,00 ","0,00 ","212.837,67 ","0,00 ","0,00 ","0,00 ","212.837,67 ","0,00 ","0,00 ","0,00 ","0,00 ","212.837,67 ","0,00 ","0,00 ","0,00 ","0,00 ","0,00 ","0,00 ","0,00 ","0,00 ","0,00 ","631.742,13 ","0,00 ","0,00 ","0,00 ","631.742,13 ","631.742,13 ","0,00 ","0,00 ","0,00 ","0,00 ","0,00 ","0,00 ","0,00 ","0,00 ","0,00 ","0,00 ","0,00 ","0,00 ","0,00 ","0,00 ","0,00 ","0,00 ","0,00 ","0,00 ","0,00 ","0,00 ","0,00 ","0,00 ","0,00 ","0,00 ","0,00 ","0,00 ","0,00 ","0,00 ","0,00 ","0,00 ","0,00 ","0,00 ","0,00 ","0,00 ","0,00 ","0,00 ","4.711.906,41 "
37.,26 ,OBČINA DUPLEK,"0,00 ","0,00 ","0,00 ","0,00 ","0,00 ","0,00 ","0,00 ","0,00 ","0,00 ","0,00 ","0,00 ","0,00 ","0,00 ","0,00 ","0,00 ","0,00 ","0,00 ","0,00 ","0,00 ","0,00 ","0,00 ","0,00 ","0,00 ","0,00 ","0,00 ","0,00 ","0,00 ","0,00 ","0,00 ","0,00 ","0,00 ","0,00 ","61.867,38 ","0,00 ","0,00 ","0,00 ","0,00 ","0,00 ","0,00 ","0,00 ","61.867,38 ","0,00 ","61.867,38 ","0,00 ","0,00 ","0,00 ","0,00 ","0,00 ","0,00 ","0,00 ","0,00 ","0,00 ","0,00 ","0,00 ","0,00 ","0,00 ","0,00 ","0,00 ","0,00 ","0,00 ","0,00 ","0,00 ","0,00 ","0,00 ","0,00 ","0,00 ","0,00 ","0,00 ","0,00 ","0,00 ","0,00 ","0,00 ","0,00 ","0,00 ","0,00 ","0,00 ","1.014.800,85 ","1.014.800,85 ","0,00 ","922.929,27 ","0,00 ","11.695,80 ","0,00 ","80.175,78 ","0,00 ","0,00 ","0,00 ","0,00 ","0,00 ","0,00 ","0,00 ","0,00 ","0,00 ","0,00 ","0,00 ","0,00 ","0,00 ","0,00 ","0,00 ","0,00 ","7.472,70 ","0,00 ","0,00 ","7.472,70 ","0,00 ","7.472,70 ","0,00 ","0,00 ","0,00 ","0,00 ","0,00 ","0,00 ","0,00 ","260.697,15 ","0,00 ","0,00 ","0,00 ","0,00 ","237.911,65 ","224.139,07 ","13.772,58 ","0,00 ","0,00 ","0,00 ","0,00 ","0,00 ","0,00 ","0,00 ","22.785,50 ","0,00 ","22.785,50 ","0,00 ","0,00 ","0,00 ","0,00 ","0,00 ","0,00 ","0,00 ","0,00 ","0,00 ","0,00 ","0,00 ","0,00 ","3.200,11 ","0,00 ","0,00 ","0,00 ","3.200,11 ","0,00 ","0,00 ","0,00 ","0,00 ","3.200,11 ","0,00 ","0,00 ","0,00 ","0,00 ","0,00 ","0,00 ","0,00 ","0,00 ","0,00 ","86.930,81 ","7.524,00 ","7.524,00 ","0,00 ","79.406,81 ","79.406,81 ","0,00 ","0,00 ","0,00 ","0,00 ","0,00 ","0,00 ","0,00 ","0,00 ","0,00 ","0,00 ","0,00 ","0,00 ","0,00 ","0,00 ","0,00 ","0,00 ","0,00 ","0,00 ","0,00 ","0,00 ","0,00 ","0,00 ","0,00 ","0,00 ","0,00 ","0,00 ","0,00 ","0,00 ","0,00 ","0,00 ","0,00 ","0,00 ","0,00 ","0,00 ","0,00 ","0,00 ","1.434.969,00 "
38.,27 ,OBČINA GORENJA VAS-POLJANE,"0,00 ","0,00 ","0,00 ","0,00 ","0,00 ","0,00 ","0,00 ","0,00 ","0,00 ","0,00 ","0,00 ","0,00 ","0,00 ","0,00 ","0,00 ","0,00 ","0,00 ","0,00 ","0,00 ","13.609,38 ","0,00 ","0,00 ","0,00 ","0,00 ","0,00 ","13.609,38 ","0,00 ","1.499,09 ","12.110,29 ","0,00 ","0,00 ","0,00 ","10.165,81 ","0,00 ","0,00 ","0,00 ","0,00 ","65,95 ","65,95 ","0,00 ","10.099,86 ","0,00 ","10.099,86 ","0,00 ","0,00 ","0,00 ","0,00 ","0,00 ","0,00 ","0,00 ","0,00 ","0,00 ","0,00 ","0,00 ","34.004,19 ","0,00 ","0,00 ","0,00 ","0,00 ","0,00 ","0,00 ","0,00 ","0,00 ","34.004,19 ","34.004,19 ","0,00 ","0,00 ","49.964,99 ","14.511,23 ","14.511,23 ","0,00 ","0,00 ","25.553,52 ","25.553,52 ","9.900,24 ","9.900,24 ","3.143.056,18 ","3.143.056,18 ","27.733,14 ","2.371.988,41 ","491.911,22 ","110.950,95 ","6.760,80 ","133.711,66 ","0,00 ","0,00 ","0,00 ","0,00 ","0,00 ","0,00 ","0,00 ","0,00 ","37.629,32 ","0,00 ","0,00 ","0,00 ","0,00 ","37.629,32 ","0,00 ","37.629,32 ","600.655,01 ","0,00 ","0,00 ","595.915,01 ","65.090,67 ","530.824,34 ","0,00 ","4.740,00 ","4.740,00 ","0,00 ","0,00 ","0,00 ","0,00 ","330.975,18 ","13.293,12 ","1.990,00 ","11.303,12 ","0,00 ","305.739,01 ","218.168,33 ","87.570,68 ","0,00 ","0,00 ","0,00 ","11.943,05 ","0,00 ","11.943,05 ","0,00 ","0,00 ","0,00 ","0,00 ","0,00 ","0,00 ","0,00 ","0,00 ","0,00 ","0,00 ","0,00 ","0,00 ","0,00 ","0,00 ","0,00 ","0,00 ","1.001.779,92 ","0,00 ","0,00 ","0,00 ","951.136,56 ","0,00 ","0,00 ","0,00 ","628.664,88 ","322.471,68 ","0,00 ","0,00 ","0,00 ","0,00 ","0,00 ","0,00 ","50.643,36 ","43.496,40 ","7.146,96 ","204.028,79 ","43.259,26 ","43.259,26 ","0,00 ","160.769,53 ","160.769,53 ","0,00 ","0,00 ","0,00 ","0,00 ","0,00 ","0,00 ","0,00 ","0,00 ","0,00 ","0,00 ","0,00 ","0,00 ","0,00 ","0,00 ","6.000,00 ","0,00 ","0,00 ","0,00 ","0,00 ","6.000,00 ","0,00 ","0,00 ","6.000,00 ","0,00 ","0,00 ","0,00 ","0,00 ","0,00 ","0,00 ","0,00 ","71.142,64 ","71.142,64 ","0,00 ","71.142,64 ","0,00 ","0,00 ","5.503.011,41 "
39.,28 ,OBČINA GORIŠNICA,"0,00 ","0,00 ","0,00 ","0,00 ","0,00 ","0,00 ","0,00 ","0,00 ","0,00 ","0,00 ","0,00 ","0,00 ","0,00 ","0,00 ","0,00 ","0,00 ","0,00 ","0,00 ","0,00 ","236.040,71 ","0,00 ","0,00 ","0,00 ","0,00 ","0,00 ","236.040,71 ","0,00 ","0,00 ","236.040,71 ","0,00 ","0,00 ","0,00 ","10.435,13 ","0,00 ","0,00 ","0,00 ","0,00 ","0,00 ","0,00 ","0,00 ","10.435,13 ","0,00 ","10.435,13 ","16.520,38 ","16.520,38 ","0,00 ","16.520,38 ","0,00 ","0,00 ","0,00 ","0,00 ","0,00 ","0,00 ","0,00 ","46.003,20 ","46.003,20 ","46.003,20 ","0,00 ","0,00 ","0,00 ","0,00 ","0,00 ","0,00 ","0,00 ","0,00 ","0,00 ","0,00 ","0,00 ","0,00 ","0,00 ","0,00 ","0,00 ","0,00 ","0,00 ","0,00 ","0,00 ","376.363,41 ","376.363,41 ","63.743,65 ","241.213,45 ","0,00 ","71.406,31 ","0,00 ","0,00 ","0,00 ","0,00 ","0,00 ","0,00 ","0,00 ","0,00 ","0,00 ","0,00 ","58.112,21 ","0,00 ","0,00 ","37.222,74 ","37.222,74 ","20.889,47 ","0,00 ","20.889,47 ","1.308.220,16 ","0,00 ","0,00 ","1.231.105,54 ","7.710,94 ","1.223.394,60 ","0,00 ","77.114,62 ","77.114,62 ","0,00 ","0,00 ","0,00 ","0,00 ","233.132,98 ","44.797,41 ","0,00 ","0,00 ","44.797,41 ","14.401,08 ","0,00 ","14.401,08 ","0,00 ","0,00 ","0,00 ","0,00 ","0,00 ","0,00 ","0,00 ","173.934,49 ","133.465,67 ","40.468,82 ","0,00 ","0,00 ","0,00 ","0,00 ","0,00 ","0,00 ","0,00 ","0,00 ","0,00 ","0,00 ","0,00 ","0,00 ","17.344,85 ","17.344,85 ","17.344,85 ","0,00 ","0,00 ","0,00 ","0,00 ","0,00 ","0,00 ","0,00 ","0,00 ","0,00 ","0,00 ","0,00 ","0,00 ","0,00 ","0,00 ","0,00 ","0,00 ","169.942,58 ","155.591,09 ","155.591,09 ","0,00 ","14.351,49 ","14.351,49 ","0,00 ","0,00 ","0,00 ","0,00 ","0,00 ","0,00 ","0,00 ","0,00 ","0,00 ","0,00 ","0,00 ","0,00 ","0,00 ","0,00 ","0,00 ","0,00 ","0,00 ","0,00 ","0,00 ","0,00 ","0,00 ","0,00 ","0,00 ","0,00 ","0,00 ","0,00 ","0,00 ","0,00 ","0,00 ","0,00 ","0,00 ","0,00 ","0,00 ","0,00 ","0,00 ","0,00 ","2.472.115,61 "
40.,207 ,OBČINA GORJE,"0,00 ","0,00 ","0,00 ","0,00 ","0,00 ","0,00 ","0,00 ","0,00 ","0,00 ","0,00 ","0,00 ","0,00 ","0,00 ","0,00 ","0,00 ","0,00 ","0,00 ","0,00 ","0,00 ","19.583,78 ","0,00 ","0,00 ","17.349,02 ","17.349,02 ","0,00 ","2.234,76 ","0,00 ","0,00 ","2.234,76 ","0,00 ","0,00 ","0,00 ","1.556,64 ","1.556,64 ","1.556,64 ","0,00 ","0,00 ","0,00 ","0,00 ","0,00 ","0,00 ","0,00 ","0,00 ","0,00 ","0,00 ","0,00 ","0,00 ","600,00 ","600,00 ","600,00 ","0,00 ","0,00 ","0,00 ","0,00 ","0,00 ","0,00 ","0,00 ","0,00 ","0,00 ","0,00 ","0,00 ","0,00 ","0,00 ","0,00 ","0,00 ","0,00 ","0,00 ","0,00 ","0,00 ","0,00 ","0,00 ","0,00 ","0,00 ","0,00 ","0,00 ","0,00 ","600.786,94 ","600.786,94 ","0,00 ","481.993,95 ","86.519,28 ","2.033,71 ","0,00 ","30.240,00 ","0,00 ","0,00 ","0,00 ","0,00 ","0,00 ","0,00 ","0,00 ","0,00 ","15.308,00 ","0,00 ","0,00 ","500,00 ","500,00 ","14.808,00 ","0,00 ","14.808,00 ","7.380,83 ","0,00 ","0,00 ","7.380,83 ","0,00 ","7.380,83 ","0,00 ","0,00 ","0,00 ","0,00 ","0,00 ","0,00 ","0,00 ","199.574,34 ","52.830,00 ","0,00 ","0,00 ","52.830,00 ","146.744,34 ","140.248,57 ","0,00 ","6.495,77 ","0,00 ","0,00 ","0,00 ","0,00 ","0,00 ","0,00 ","0,00 ","0,00 ","0,00 ","0,00 ","0,00 ","0,00 ","0,00 ","0,00 ","0,00 ","0,00 ","0,00 ","0,00 ","0,00 ","0,00 ","0,00 ","0,00 ","0,00 ","0,00 ","0,00 ","0,00 ","0,00 ","0,00 ","0,00 ","0,00 ","0,00 ","0,00 ","0,00 ","0,00 ","0,00 ","0,00 ","0,00 ","0,00 ","0,00 ","0,00 ","26.314,40 ","0,00 ","0,00 ","0,00 ","26.314,40 ","26.314,40 ","0,00 ","0,00 ","0,00 ","0,00 ","0,00 ","0,00 ","0,00 ","0,00 ","0,00 ","0,00 ","0,00 ","0,00 ","0,00 ","0,00 ","0,00 ","0,00 ","0,00 ","0,00 ","0,00 ","0,00 ","0,00 ","0,00 ","0,00 ","0,00 ","0,00 ","0,00 ","0,00 ","0,00 ","0,00 ","0,00 ","0,00 ","0,00 ","0,00 ","0,00 ","0,00 ","0,00 ","871.104,93 "
41.,29 ,OBČINA GORNJA RADGONA,"0,00 ","0,00 ","0,00 ","0,00 ","0,00 ","0,00 ","0,00 ","0,00 ","0,00 ","0,00 ","0,00 ","0,00 ","0,00 ","0,00 ","0,00 ","0,00 ","0,00 ","0,00 ","0,00 ","0,00 ","0,00 ","0,00 ","0,00 ","0,00 ","0,00 ","0,00 ","0,00 ","0,00 ","0,00 ","0,00 ","0,00 ","0,00 ","21.201,47 ","0,00 ","0,00 ","0,00 ","0,00 ","740,90 ","740,90 ","0,00 ","20.460,57 ","0,00 ","20.460,57 ","0,00 ","0,00 ","0,00 ","0,00 ","0,00 ","0,00 ","0,00 ","0,00 ","0,00 ","0,00 ","0,00 ","0,00 ","0,00 ","0,00 ","0,00 ","0,00 ","0,00 ","0,00 ","0,00 ","0,00 ","0,00 ","0,00 ","0,00 ","0,00 ","0,00 ","0,00 ","0,00 ","0,00 ","0,00 ","0,00 ","0,00 ","0,00 ","0,00 ","306.012,10 ","306.012,10 ","0,00 ","306.012,10 ","0,00 ","0,00 ","0,00 ","0,00 ","0,00 ","0,00 ","0,00 ","0,00 ","0,00 ","0,00 ","0,00 ","0,00 ","513.147,90 ","0,00 ","0,00 ","0,00 ","0,00 ","513.147,90 ","0,00 ","513.147,90 ","131.921,50 ","0,00 ","0,00 ","131.921,50 ","0,00 ","131.921,50 ","0,00 ","0,00 ","0,00 ","0,00 ","0,00 ","0,00 ","0,00 ","950.789,42 ","406.905,21 ","61.063,97 ","0,00 ","345.841,24 ","330.991,28 ","31.069,04 ","4.639,19 ","93.170,43 ","0,00 ","202.112,62 ","172.892,93 ","0,00 ","172.892,93 ","0,00 ","40.000,00 ","0,00 ","40.000,00 ","0,00 ","0,00 ","0,00 ","0,00 ","0,00 ","0,00 ","0,00 ","0,00 ","0,00 ","0,00 ","0,00 ","0,00 ","29.568,08 ","29.568,08 ","0,00 ","29.568,08 ","0,00 ","0,00 ","0,00 ","0,00 ","0,00 ","0,00 ","0,00 ","0,00 ","0,00 ","0,00 ","0,00 ","0,00 ","0,00 ","0,00 ","0,00 ","2.090.735,20 ","2.002.675,82 ","2.002.675,82 ","0,00 ","88.059,38 ","88.059,38 ","0,00 ","0,00 ","0,00 ","0,00 ","0,00 ","0,00 ","0,00 ","0,00 ","0,00 ","0,00 ","0,00 ","0,00 ","0,00 ","0,00 ","0,00 ","0,00 ","0,00 ","0,00 ","0,00 ","0,00 ","0,00 ","0,00 ","0,00 ","0,00 ","0,00 ","0,00 ","0,00 ","0,00 ","0,00 ","0,00 ","0,00 ","0,00 ","0,00 ","0,00 ","0,00 ","0,00 ","4.043.375,67 "
42.,30 ,OBČINA GORNJI GRAD,"0,00 ","0,00 ","0,00 ","0,00 ","0,00 ","0,00 ","0,00 ","0,00 ","0,00 ","0,00 ","0,00 ","0,00 ","0,00 ","0,00 ","0,00 ","0,00 ","0,00 ","0,00 ","0,00 ","721,44 ","0,00 ","0,00 ","0,00 ","0,00 ","0,00 ","721,44 ","0,00 ","0,00 ","721,44 ","0,00 ","0,00 ","0,00 ","4.335,99 ","0,00 ","0,00 ","0,00 ","0,00 ","0,00 ","0,00 ","0,00 ","4.335,99 ","0,00 ","4.335,99 ","0,00 ","0,00 ","0,00 ","0,00 ","0,00 ","0,00 ","0,00 ","0,00 ","0,00 ","0,00 ","0,00 ","0,00 ","0,00 ","0,00 ","0,00 ","0,00 ","0,00 ","0,00 ","0,00 ","0,00 ","0,00 ","0,00 ","0,00 ","0,00 ","0,00 ","0,00 ","0,00 ","0,00 ","0,00 ","0,00 ","0,00 ","0,00 ","0,00 ","286.277,57 ","286.277,57 ","0,00 ","262.422,05 ","600,00 ","23.255,52 ","0,00 ","0,00 ","0,00 ","0,00 ","0,00 ","0,00 ","0,00 ","0,00 ","0,00 ","0,00 ","0,00 ","0,00 ","0,00 ","0,00 ","0,00 ","0,00 ","0,00 ","0,00 ","13.967,58 ","0,00 ","0,00 ","13.592,02 ","9.490,02 ","4.102,00 ","0,00 ","375,56 ","375,56 ","0,00 ","0,00 ","0,00 ","0,00 ","73.962,01 ","35.328,00 ","0,00 ","0,00 ","35.328,00 ","35.230,01 ","15.413,35 ","19.816,66 ","0,00 ","0,00 ","0,00 ","0,00 ","0,00 ","0,00 ","0,00 ","3.404,00 ","0,00 ","3.404,00 ","0,00 ","0,00 ","0,00 ","0,00 ","0,00 ","0,00 ","0,00 ","0,00 ","0,00 ","0,00 ","0,00 ","0,00 ","0,00 ","0,00 ","0,00 ","0,00 ","0,00 ","0,00 ","0,00 ","0,00 ","0,00 ","0,00 ","0,00 ","0,00 ","0,00 ","0,00 ","0,00 ","0,00 ","0,00 ","0,00 ","0,00 ","90.590,40 ","0,00 ","0,00 ","0,00 ","90.590,40 ","90.590,40 ","0,00 ","0,00 ","0,00 ","0,00 ","0,00 ","0,00 ","0,00 ","0,00 ","0,00 ","0,00 ","0,00 ","0,00 ","0,00 ","0,00 ","0,00 ","0,00 ","0,00 ","0,00 ","0,00 ","0,00 ","0,00 ","0,00 ","0,00 ","0,00 ","0,00 ","0,00 ","0,00 ","0,00 ","0,00 ","0,00 ","107.975,67 ","107.975,67 ","0,00 ","107.975,67 ","0,00 ","0,00 ","577.830,66 "
43.,31 ,OBČINA GORNJI PETROVCI,"0,00 ","0,00 ","0,00 ","0,00 ","0,00 ","0,00 ","0,00 ","0,00 ","0,00 ","0,00 ","0,00 ","0,00 ","0,00 ","0,00 ","0,00 ","0,00 ","0,00 ","0,00 ","0,00 ","0,00 ","0,00 ","0,00 ","0,00 ","0,00 ","0,00 ","0,00 ","0,00 ","0,00 ","0,00 ","0,00 ","0,00 ","0,00 ","36.074,11 ","0,00 ","0,00 ","0,00 ","0,00 ","0,00 ","0,00 ","0,00 ","36.074,11 ","25.036,85 ","11.037,26 ","38.887,20 ","38.887,20 ","0,00 ","38.887,20 ","0,00 ","0,00 ","0,00 ","0,00 ","0,00 ","0,00 ","0,00 ","2.800,00 ","0,00 ","0,00 ","0,00 ","0,00 ","0,00 ","0,00 ","0,00 ","0,00 ","2.800,00 ","2.800,00 ","0,00 ","0,00 ","0,00 ","0,00 ","0,00 ","0,00 ","0,00 ","0,00 ","0,00 ","0,00 ","0,00 ","119.541,88 ","119.541,88 ","76.753,88 ","42.788,00 ","0,00 ","0,00 ","0,00 ","0,00 ","0,00 ","0,00 ","0,00 ","0,00 ","0,00 ","0,00 ","0,00 ","0,00 ","10.562,53 ","0,00 ","0,00 ","0,00 ","0,00 ","10.562,53 ","0,00 ","10.562,53 ","4.849,98 ","0,00 ","0,00 ","4.849,98 ","0,00 ","4.849,98 ","0,00 ","0,00 ","0,00 ","0,00 ","0,00 ","0,00 ","0,00 ","74.378,26 ","7.312,00 ","0,00 ","0,00 ","7.312,00 ","51.988,42 ","18.085,24 ","28.470,86 ","0,00 ","0,00 ","5.432,32 ","0,00 ","0,00 ","0,00 ","0,00 ","15.077,84 ","0,00 ","15.077,84 ","0,00 ","0,00 ","0,00 ","0,00 ","0,00 ","0,00 ","0,00 ","0,00 ","0,00 ","0,00 ","0,00 ","0,00 ","50.701,83 ","10.000,00 ","10.000,00 ","0,00 ","2.818,31 ","0,00 ","0,00 ","0,00 ","0,00 ","2.818,31 ","0,00 ","0,00 ","0,00 ","0,00 ","0,00 ","0,00 ","37.883,52 ","37.883,52 ","0,00 ","7.136,10 ","7.136,10 ","7.136,10 ","0,00 ","0,00 ","0,00 ","0,00 ","0,00 ","0,00 ","0,00 ","0,00 ","0,00 ","0,00 ","0,00 ","0,00 ","0,00 ","0,00 ","0,00 ","0,00 ","0,00 ","0,00 ","0,00 ","0,00 ","0,00 ","0,00 ","0,00 ","0,00 ","0,00 ","0,00 ","0,00 ","0,00 ","0,00 ","0,00 ","0,00 ","0,00 ","0,00 ","0,00 ","0,00 ","0,00 ","0,00 ","0,00 ","0,00 ","344.931,89 "
44.,158 ,OBČINA GRAD,"0,00 ","0,00 ","0,00 ","0,00 ","0,00 ","0,00 ","0,00 ","0,00 ","0,00 ","0,00 ","0,00 ","0,00 ","0,00 ","0,00 ","0,00 ","0,00 ","0,00 ","0,00 ","0,00 ","1.325,20 ","0,00 ","0,00 ","0,00 ","0,00 ","0,00 ","1.325,20 ","0,00 ","1.325,20 ","0,00 ","0,00 ","0,00 ","0,00 ","15.713,18 ","0,00 ","0,00 ","0,00 ","0,00 ","0,00 ","0,00 ","0,00 ","15.713,18 ","1.483,38 ","14.229,80 ","0,00 ","0,00 ","0,00 ","0,00 ","0,00 ","0,00 ","0,00 ","0,00 ","0,00 ","0,00 ","0,00 ","0,00 ","0,00 ","0,00 ","0,00 ","0,00 ","0,00 ","0,00 ","0,00 ","0,00 ","0,00 ","0,00 ","0,00 ","0,00 ","0,00 ","0,00 ","0,00 ","0,00 ","0,00 ","0,00 ","0,00 ","0,00 ","0,00 ","923.210,14 ","923.210,14 ","81.025,21 ","842.184,93 ","0,00 ","0,00 ","0,00 ","0,00 ","0,00 ","0,00 ","0,00 ","0,00 ","0,00 ","0,00 ","0,00 ","0,00 ","5.000,00 ","0,00 ","0,00 ","5.000,00 ","5.000,00 ","0,00 ","0,00 ","0,00 ","1.174,35 ","0,00 ","0,00 ","1.174,35 ","0,00 ","1.174,35 ","0,00 ","0,00 ","0,00 ","0,00 ","0,00 ","0,00 ","0,00 ","883.771,59 ","6.000,00 ","0,00 ","0,00 ","6.000,00 ","877.771,59 ","841.137,80 ","36.633,79 ","0,00 ","0,00 ","0,00 ","0,00 ","0,00 ","0,00 ","0,00 ","0,00 ","0,00 ","0,00 ","9.954,59 ","9.954,59 ","9.954,59 ","0,00 ","0,00 ","0,00 ","0,00 ","0,00 ","0,00 ","0,00 ","0,00 ","0,00 ","232.691,81 ","203.607,17 ","203.607,17 ","0,00 ","0,00 ","0,00 ","0,00 ","0,00 ","0,00 ","0,00 ","0,00 ","0,00 ","0,00 ","0,00 ","0,00 ","0,00 ","29.084,64 ","29.084,64 ","0,00 ","0,00 ","0,00 ","0,00 ","0,00 ","0,00 ","0,00 ","0,00 ","0,00 ","0,00 ","0,00 ","0,00 ","0,00 ","0,00 ","0,00 ","0,00 ","0,00 ","0,00 ","0,00 ","0,00 ","0,00 ","0,00 ","0,00 ","0,00 ","0,00 ","0,00 ","0,00 ","0,00 ","0,00 ","0,00 ","0,00 ","0,00 ","0,00 ","0,00 ","0,00 ","0,00 ","0,00 ","0,00 ","0,00 ","0,00 ","0,00 ","0,00 ","0,00 ","2.072.840,86 "
45.,32 ,OBČINA GROSUPLJE,"1.378,00 ","1.378,00 ","1.378,00 ","0,00 ","0,00 ","0,00 ","0,00 ","0,00 ","0,00 ","0,00 ","0,00 ","0,00 ","0,00 ","0,00 ","0,00 ","0,00 ","0,00 ","0,00 ","0,00 ","600.004,00 ","0,00 ","0,00 ","0,00 ","0,00 ","0,00 ","600.004,00 ","0,00 ","0,00 ","600.004,00 ","0,00 ","0,00 ","0,00 ","116.796,00 ","0,00 ","0,00 ","0,00 ","0,00 ","0,00 ","0,00 ","0,00 ","116.796,00 ","0,00 ","116.796,00 ","6.961,00 ","6.961,00 ","6.735,00 ","226,00 ","102,00 ","102,00 ","102,00 ","0,00 ","0,00 ","0,00 ","0,00 ","77.449,00 ","42.368,00 ","0,00 ","31.737,00 ","10.631,00 ","0,00 ","0,00 ","0,00 ","0,00 ","35.081,00 ","35.081,00 ","0,00 ","0,00 ","20.405,00 ","18.365,00 ","18.365,00 ","0,00 ","0,00 ","0,00 ","0,00 ","2.040,00 ","2.040,00 ","1.582.140,00 ","1.565.235,00 ","24.992,00 ","1.035.658,00 ","55.640,00 ","177.613,00 ","0,00 ","271.332,00 ","0,00 ","0,00 ","0,00 ","0,00 ","0,00 ","0,00 ","16.905,00 ","16.905,00 ","5.247,00 ","0,00 ","0,00 ","0,00 ","0,00 ","5.247,00 ","0,00 ","5.247,00 ","248.219,00 ","0,00 ","0,00 ","12.647,00 ","0,00 ","12.647,00 ","0,00 ","235.572,00 ","235.572,00 ","0,00 ","0,00 ","0,00 ","0,00 ","941.236,00 ","154.124,00 ","0,00 ","0,00 ","154.124,00 ","217.007,00 ","2.818,00 ","213.349,00 ","0,00 ","0,00 ","840,00 ","79.246,00 ","0,00 ","79.246,00 ","0,00 ","490.859,00 ","2.460,00 ","488.399,00 ","0,00 ","0,00 ","0,00 ","0,00 ","0,00 ","0,00 ","0,00 ","0,00 ","0,00 ","0,00 ","0,00 ","0,00 ","76.103,00 ","19.107,00 ","19.107,00 ","0,00 ","55.597,00 ","0,00 ","0,00 ","0,00 ","0,00 ","55.597,00 ","0,00 ","0,00 ","0,00 ","0,00 ","0,00 ","0,00 ","1.399,00 ","1.399,00 ","0,00 ","745.051,00 ","656.171,00 ","656.171,00 ","0,00 ","88.880,00 ","88.880,00 ","0,00 ","0,00 ","0,00 ","0,00 ","0,00 ","0,00 ","0,00 ","0,00 ","0,00 ","0,00 ","0,00 ","0,00 ","0,00 ","0,00 ","0,00 ","0,00 ","0,00 ","0,00 ","0,00 ","0,00 ","0,00 ","0,00 ","0,00 ","0,00 ","0,00 ","0,00 ","0,00 ","0,00 ","0,00 ","0,00 ","0,00 ","0,00 ","0,00 ","0,00 ","0,00 ","0,00 ","4.421.091,00 "
46.,159 ,OBČINA HAJDINA,"0,00 ","0,00 ","0,00 ","0,00 ","0,00 ","0,00 ","0,00 ","0,00 ","0,00 ","0,00 ","0,00 ","0,00 ","0,00 ","0,00 ","0,00 ","0,00 ","0,00 ","0,00 ","0,00 ","73.333,33 ","0,00 ","0,00 ","0,00 ","0,00 ","0,00 ","73.333,33 ","0,00 ","0,00 ","73.333,33 ","0,00 ","0,00 ","0,00 ","830,70 ","0,00 ","0,00 ","0,00 ","0,00 ","0,00 ","0,00 ","0,00 ","830,70 ","0,00 ","830,70 ","188,02 ","188,02 ","188,02 ","0,00 ","0,00 ","0,00 ","0,00 ","0,00 ","0,00 ","0,00 ","0,00 ","0,00 ","0,00 ","0,00 ","0,00 ","0,00 ","0,00 ","0,00 ","0,00 ","0,00 ","0,00 ","0,00 ","0,00 ","0,00 ","0,00 ","0,00 ","0,00 ","0,00 ","0,00 ","0,00 ","0,00 ","0,00 ","0,00 ","169.913,92 ","169.913,92 ","0,00 ","92.114,65 ","0,00 ","77.799,27 ","0,00 ","0,00 ","0,00 ","0,00 ","0,00 ","0,00 ","0,00 ","0,00 ","0,00 ","0,00 ","0,00 ","0,00 ","0,00 ","0,00 ","0,00 ","0,00 ","0,00 ","0,00 ","424.890,88 ","0,00 ","0,00 ","414.800,78 ","9.084,00 ","405.716,78 ","0,00 ","10.090,10 ","10.090,10 ","0,00 ","0,00 ","0,00 ","0,00 ","31.496,19 ","1.800,00 ","0,00 ","0,00 ","1.800,00 ","28.778,33 ","0,00 ","28.778,33 ","0,00 ","0,00 ","0,00 ","0,00 ","0,00 ","0,00 ","0,00 ","917,86 ","0,00 ","917,86 ","0,00 ","0,00 ","0,00 ","0,00 ","0,00 ","0,00 ","0,00 ","0,00 ","0,00 ","0,00 ","0,00 ","0,00 ","309,42 ","309,42 ","309,42 ","0,00 ","0,00 ","0,00 ","0,00 ","0,00 ","0,00 ","0,00 ","0,00 ","0,00 ","0,00 ","0,00 ","0,00 ","0,00 ","0,00 ","0,00 ","0,00 ","185.342,40 ","185.342,40 ","185.342,40 ","0,00 ","0,00 ","0,00 ","0,00 ","0,00 ","0,00 ","0,00 ","0,00 ","0,00 ","0,00 ","0,00 ","0,00 ","0,00 ","0,00 ","0,00 ","0,00 ","0,00 ","0,00 ","0,00 ","0,00 ","0,00 ","0,00 ","0,00 ","0,00 ","0,00 ","0,00 ","0,00 ","0,00 ","0,00 ","0,00 ","0,00 ","0,00 ","0,00 ","27.682,27 ","27.682,27 ","0,00 ","27.682,27 ","0,00 ","0,00 ","913.987,13 "
47.,160 ,OBČINA HOČE-SLIVNICA,"0,00 ","0,00 ","0,00 ","0,00 ","0,00 ","0,00 ","0,00 ","0,00 ","0,00 ","0,00 ","0,00 ","0,00 ","0,00 ","0,00 ","0,00 ","0,00 ","0,00 ","0,00 ","0,00 ","54.164,00 ","0,00 ","0,00 ","0,00 ","0,00 ","0,00 ","54.164,00 ","0,00 ","0,00 ","54.164,00 ","0,00 ","0,00 ","0,00 ","426.280,00 ","0,00 ","0,00 ","0,00 ","0,00 ","0,00 ","0,00 ","0,00 ","426.280,00 ","0,00 ","426.280,00 ","0,00 ","0,00 ","0,00 ","0,00 ","0,00 ","0,00 ","0,00 ","0,00 ","0,00 ","0,00 ","0,00 ","0,00 ","0,00 ","0,00 ","0,00 ","0,00 ","0,00 ","0,00 ","0,00 ","0,00 ","0,00 ","0,00 ","0,00 ","0,00 ","0,00 ","0,00 ","0,00 ","0,00 ","0,00 ","0,00 ","0,00 ","0,00 ","0,00 ","909.721,00 ","909.721,00 ","146.410,00 ","747.607,00 ","0,00 ","15.704,00 ","0,00 ","0,00 ","0,00 ","0,00 ","0,00 ","0,00 ","0,00 ","0,00 ","0,00 ","0,00 ","1.321,00 ","0,00 ","0,00 ","0,00 ","0,00 ","1.321,00 ","0,00 ","1.321,00 ","523.911,00 ","0,00 ","0,00 ","521.913,00 ","38.499,00 ","483.414,00 ","0,00 ","1.998,00 ","1.998,00 ","0,00 ","0,00 ","0,00 ","0,00 ","282.124,00 ","106.932,00 ","0,00 ","106.932,00 ","0,00 ","144.692,00 ","115.067,00 ","28.837,00 ","0,00 ","0,00 ","788,00 ","0,00 ","0,00 ","0,00 ","0,00 ","30.500,00 ","0,00 ","30.500,00 ","0,00 ","0,00 ","0,00 ","0,00 ","0,00 ","0,00 ","0,00 ","0,00 ","0,00 ","0,00 ","0,00 ","0,00 ","16.447,00 ","0,00 ","0,00 ","0,00 ","16.447,00 ","0,00 ","0,00 ","0,00 ","0,00 ","16.447,00 ","0,00 ","0,00 ","0,00 ","0,00 ","0,00 ","0,00 ","0,00 ","0,00 ","0,00 ","281.356,00 ","281.356,00 ","281.356,00 ","0,00 ","0,00 ","0,00 ","0,00 ","0,00 ","0,00 ","0,00 ","0,00 ","0,00 ","0,00 ","0,00 ","0,00 ","0,00 ","0,00 ","0,00 ","0,00 ","0,00 ","0,00 ","0,00 ","0,00 ","0,00 ","0,00 ","0,00 ","0,00 ","0,00 ","0,00 ","0,00 ","0,00 ","0,00 ","0,00 ","0,00 ","0,00 ","0,00 ","0,00 ","0,00 ","0,00 ","0,00 ","0,00 ","0,00 ","2.495.324,00 "
48.,161 ,OBČINA HODOŠ,"0,00 ","0,00 ","0,00 ","0,00 ","0,00 ","0,00 ","0,00 ","0,00 ","0,00 ","0,00 ","0,00 ","0,00 ","0,00 ","0,00 ","0,00 ","0,00 ","0,00 ","0,00 ","0,00 ","2.900,80 ","0,00 ","0,00 ","2.900,80 ","2.900,80 ","0,00 ","0,00 ","0,00 ","0,00 ","0,00 ","0,00 ","0,00 ","0,00 ","2.158,20 ","0,00 ","0,00 ","0,00 ","0,00 ","0,00 ","0,00 ","0,00 ","2.158,20 ","0,00 ","2.158,20 ","11.798,96 ","11.798,96 ","0,00 ","11.798,96 ","0,00 ","0,00 ","0,00 ","0,00 ","0,00 ","0,00 ","0,00 ","10.205,69 ","0,00 ","0,00 ","0,00 ","0,00 ","0,00 ","0,00 ","0,00 ","0,00 ","10.205,69 ","10.205,69 ","0,00 ","0,00 ","0,00 ","0,00 ","0,00 ","0,00 ","0,00 ","0,00 ","0,00 ","0,00 ","0,00 ","376.169,46 ","376.169,46 ","5.240,14 ","370.929,32 ","0,00 ","0,00 ","0,00 ","0,00 ","0,00 ","0,00 ","0,00 ","0,00 ","0,00 ","0,00 ","0,00 ","0,00 ","0,00 ","0,00 ","0,00 ","0,00 ","0,00 ","0,00 ","0,00 ","0,00 ","0,00 ","0,00 ","0,00 ","0,00 ","0,00 ","0,00 ","0,00 ","0,00 ","0,00 ","0,00 ","0,00 ","0,00 ","0,00 ","10.023,95 ","5.385,12 ","0,00 ","0,00 ","5.385,12 ","4.638,83 ","0,00 ","0,00 ","4.638,83 ","0,00 ","0,00 ","0,00 ","0,00 ","0,00 ","0,00 ","0,00 ","0,00 ","0,00 ","0,00 ","0,00 ","0,00 ","0,00 ","0,00 ","0,00 ","0,00 ","0,00 ","0,00 ","0,00 ","0,00 ","0,00 ","0,00 ","0,00 ","0,00 ","0,00 ","0,00 ","0,00 ","0,00 ","0,00 ","0,00 ","0,00 ","0,00 ","0,00 ","0,00 ","0,00 ","0,00 ","0,00 ","0,00 ","0,00 ","0,00 ","0,00 ","0,00 ","0,00 ","0,00 ","0,00 ","0,00 ","0,00 ","0,00 ","0,00 ","0,00 ","0,00 ","0,00 ","0,00 ","0,00 ","0,00 ","0,00 ","0,00 ","0,00 ","0,00 ","0,00 ","0,00 ","0,00 ","0,00 ","0,00 ","0,00 ","0,00 ","0,00 ","0,00 ","0,00 ","0,00 ","0,00 ","0,00 ","0,00 ","0,00 ","0,00 ","0,00 ","0,00 ","0,00 ","0,00 ","0,00 ","0,00 ","0,00 ","413.257,06 "
49.,162 ,OBČINA HORJUL,"0,00 ","0,00 ","0,00 ","0,00 ","0,00 ","0,00 ","0,00 ","0,00 ","0,00 ","0,00 ","0,00 ","0,00 ","0,00 ","0,00 ","0,00 ","0,00 ","0,00 ","0,00 ","0,00 ","0,00 ","0,00 ","0,00 ","0,00 ","0,00 ","0,00 ","0,00 ","0,00 ","0,00 ","0,00 ","0,00 ","0,00 ","0,00 ","1.670,79 ","0,00 ","0,00 ","0,00 ","0,00 ","0,00 ","0,00 ","0,00 ","1.670,79 ","0,00 ","1.670,79 ","0,00 ","0,00 ","0,00 ","0,00 ","0,00 ","0,00 ","0,00 ","0,00 ","0,00 ","0,00 ","0,00 ","0,00 ","0,00 ","0,00 ","0,00 ","0,00 ","0,00 ","0,00 ","0,00 ","0,00 ","0,00 ","0,00 ","0,00 ","0,00 ","0,00 ","0,00 ","0,00 ","0,00 ","0,00 ","0,00 ","0,00 ","0,00 ","0,00 ","99.336,33 ","99.336,33 ","0,00 ","99.336,33 ","0,00 ","0,00 ","0,00 ","0,00 ","0,00 ","0,00 ","0,00 ","0,00 ","0,00 ","0,00 ","0,00 ","0,00 ","0,00 ","0,00 ","0,00 ","0,00 ","0,00 ","0,00 ","0,00 ","0,00 ","27.176,32 ","0,00 ","0,00 ","27.176,32 ","0,00 ","27.176,32 ","0,00 ","0,00 ","0,00 ","0,00 ","0,00 ","0,00 ","0,00 ","19.478,86 ","0,00 ","0,00 ","0,00 ","0,00 ","19.478,86 ","0,00 ","15,31 ","0,00 ","19.463,55 ","0,00 ","0,00 ","0,00 ","0,00 ","0,00 ","0,00 ","0,00 ","0,00 ","0,00 ","0,00 ","0,00 ","0,00 ","0,00 ","0,00 ","0,00 ","0,00 ","0,00 ","0,00 ","0,00 ","0,00 ","11.213,23 ","0,00 ","0,00 ","0,00 ","0,00 ","0,00 ","0,00 ","0,00 ","0,00 ","0,00 ","0,00 ","0,00 ","0,00 ","0,00 ","0,00 ","0,00 ","11.213,23 ","11.213,23 ","0,00 ","125.551,51 ","5.363,06 ","5.363,06 ","0,00 ","120.188,45 ","120.113,45 ","75,00 ","0,00 ","0,00 ","0,00 ","0,00 ","0,00 ","0,00 ","0,00 ","0,00 ","0,00 ","0,00 ","0,00 ","0,00 ","0,00 ","0,00 ","0,00 ","0,00 ","0,00 ","0,00 ","0,00 ","0,00 ","0,00 ","0,00 ","0,00 ","0,00 ","0,00 ","0,00 ","0,00 ","0,00 ","0,00 ","0,00 ","0,00 ","0,00 ","0,00 ","0,00 ","0,00 ","284.427,04 "
50.,34 ,OBČINA HRASTNIK,"3.180,00 ","3.180,00 ","3.180,00 ","0,00 ","0,00 ","0,00 ","0,00 ","0,00 ","0,00 ","0,00 ","0,00 ","0,00 ","0,00 ","0,00 ","0,00 ","0,00 ","0,00 ","0,00 ","0,00 ","0,00 ","0,00 ","0,00 ","0,00 ","0,00 ","0,00 ","0,00 ","0,00 ","0,00 ","0,00 ","0,00 ","0,00 ","0,00 ","59.377,61 ","0,00 ","0,00 ","0,00 ","0,00 ","35.872,91 ","35.872,91 ","0,00 ","23.504,70 ","0,00 ","23.504,70 ","945,96 ","945,96 ","0,00 ","945,96 ","0,00 ","0,00 ","0,00 ","0,00 ","0,00 ","0,00 ","0,00 ","0,00 ","0,00 ","0,00 ","0,00 ","0,00 ","0,00 ","0,00 ","0,00 ","0,00 ","0,00 ","0,00 ","0,00 ","0,00 ","8.280,00 ","8.280,00 ","8.280,00 ","0,00 ","0,00 ","0,00 ","0,00 ","0,00 ","0,00 ","1.510.395,13 ","1.510.395,13 ","0,00 ","1.485.394,88 ","0,00 ","0,00 ","0,00 ","25.000,25 ","0,00 ","0,00 ","0,00 ","0,00 ","0,00 ","0,00 ","0,00 ","0,00 ","0,00 ","0,00 ","0,00 ","0,00 ","0,00 ","0,00 ","0,00 ","0,00 ","4.678.275,16 ","0,00 ","0,00 ","4.678.275,16 ","0,00 ","4.678.275,16 ","0,00 ","0,00 ","0,00 ","0,00 ","0,00 ","0,00 ","0,00 ","777.780,83 ","180.212,29 ","0,00 ","58.493,06 ","121.719,23 ","356.993,79 ","272.255,83 ","0,00 ","19.272,13 ","0,00 ","65.465,83 ","240.574,75 ","0,00 ","240.574,75 ","0,00 ","0,00 ","0,00 ","0,00 ","0,00 ","0,00 ","0,00 ","0,00 ","0,00 ","0,00 ","0,00 ","0,00 ","0,00 ","0,00 ","0,00 ","0,00 ","65.024,09 ","0,00 ","0,00 ","0,00 ","65.024,09 ","65.024,09 ","0,00 ","0,00 ","0,00 ","0,00 ","0,00 ","0,00 ","0,00 ","0,00 ","0,00 ","0,00 ","0,00 ","0,00 ","0,00 ","34.800,00 ","0,00 ","0,00 ","0,00 ","34.800,00 ","34.800,00 ","0,00 ","0,00 ","0,00 ","0,00 ","0,00 ","0,00 ","0,00 ","0,00 ","0,00 ","0,00 ","0,00 ","0,00 ","0,00 ","0,00 ","0,00 ","0,00 ","0,00 ","0,00 ","0,00 ","0,00 ","0,00 ","0,00 ","0,00 ","0,00 ","0,00 ","0,00 ","0,00 ","0,00 ","0,00 ","0,00 ","0,00 ","0,00 ","0,00 ","0,00 ","0,00 ","0,00 ","7.138.058,78 "
51.,35 ,OBČINA HRPELJE-KOZINA,"0,00 ","0,00 ","0,00 ","0,00 ","0,00 ","0,00 ","0,00 ","0,00 ","0,00 ","0,00 ","0,00 ","0,00 ","0,00 ","0,00 ","0,00 ","0,00 ","0,00 ","0,00 ","0,00 ","119.981,40 ","0,00 ","0,00 ","0,00 ","0,00 ","0,00 ","119.981,40 ","0,00 ","0,00 ","119.981,40 ","0,00 ","0,00 ","0,00 ","0,00 ","0,00 ","0,00 ","0,00 ","0,00 ","0,00 ","0,00 ","0,00 ","0,00 ","0,00 ","0,00 ","102,80 ","102,80 ","102,80 ","0,00 ","0,00 ","0,00 ","0,00 ","0,00 ","0,00 ","0,00 ","0,00 ","14.839,70 ","0,00 ","0,00 ","0,00 ","0,00 ","0,00 ","0,00 ","0,00 ","0,00 ","14.839,70 ","14.839,70 ","0,00 ","0,00 ","0,00 ","0,00 ","0,00 ","0,00 ","0,00 ","0,00 ","0,00 ","0,00 ","0,00 ","394.075,59 ","394.075,59 ","218.354,71 ","175.720,88 ","0,00 ","0,00 ","0,00 ","0,00 ","0,00 ","0,00 ","0,00 ","0,00 ","0,00 ","0,00 ","0,00 ","0,00 ","1.470,00 ","0,00 ","0,00 ","0,00 ","0,00 ","1.470,00 ","1.470,00 ","0,00 ","825.578,42 ","0,00 ","0,00 ","825.578,42 ","7.067,80 ","818.510,62 ","0,00 ","0,00 ","0,00 ","0,00 ","0,00 ","0,00 ","0,00 ","1.347.260,07 ","68.906,00 ","0,00 ","0,00 ","68.906,00 ","796.345,55 ","417.496,62 ","0,00 ","0,00 ","0,00 ","378.848,93 ","0,00 ","0,00 ","0,00 ","0,00 ","482.008,52 ","325.593,05 ","156.415,47 ","0,00 ","0,00 ","0,00 ","0,00 ","0,00 ","0,00 ","0,00 ","0,00 ","0,00 ","0,00 ","0,00 ","0,00 ","30.900,20 ","0,00 ","0,00 ","0,00 ","11.069,84 ","0,00 ","0,00 ","0,00 ","0,00 ","11.069,84 ","0,00 ","0,00 ","0,00 ","0,00 ","0,00 ","0,00 ","19.830,36 ","19.830,36 ","0,00 ","25.391,06 ","14.376,00 ","14.376,00 ","0,00 ","11.015,06 ","11.015,06 ","0,00 ","0,00 ","0,00 ","0,00 ","0,00 ","0,00 ","0,00 ","0,00 ","0,00 ","0,00 ","0,00 ","0,00 ","0,00 ","0,00 ","13.507,20 ","13.507,20 ","13.507,20 ","0,00 ","0,00 ","0,00 ","0,00 ","0,00 ","0,00 ","0,00 ","0,00 ","0,00 ","0,00 ","0,00 ","0,00 ","0,00 ","0,00 ","0,00 ","0,00 ","0,00 ","0,00 ","0,00 ","2.773.106,44 "
52.,36 ,OBČINA IDRIJA,"0,00 ","0,00 ","0,00 ","0,00 ","0,00 ","0,00 ","0,00 ","0,00 ","0,00 ","0,00 ","0,00 ","0,00 ","0,00 ","0,00 ","0,00 ","0,00 ","0,00 ","0,00 ","0,00 ","108.278,08 ","0,00 ","0,00 ","840,00 ","840,00 ","0,00 ","107.438,08 ","0,00 ","3.347,08 ","104.091,00 ","0,00 ","0,00 ","0,00 ","125.928,56 ","0,00 ","0,00 ","0,00 ","0,00 ","5.554,12 ","5.554,12 ","0,00 ","120.374,44 ","7.735,34 ","112.639,10 ","0,00 ","0,00 ","0,00 ","0,00 ","2.717,20 ","2.717,20 ","2.717,20 ","0,00 ","0,00 ","0,00 ","0,00 ","1.999,80 ","1.999,80 ","721,80 ","1.278,00 ","0,00 ","0,00 ","0,00 ","0,00 ","0,00 ","0,00 ","0,00 ","0,00 ","0,00 ","126.791,68 ","126.791,68 ","126.791,68 ","0,00 ","0,00 ","0,00 ","0,00 ","0,00 ","0,00 ","1.257.512,34 ","1.257.512,34 ","59.100,47 ","1.182.105,53 ","16.306,34 ","0,00 ","0,00 ","0,00 ","0,00 ","0,00 ","0,00 ","0,00 ","0,00 ","0,00 ","0,00 ","0,00 ","2.289,20 ","0,00 ","0,00 ","0,00 ","0,00 ","2.289,20 ","2.289,20 ","0,00 ","52.698,61 ","0,00 ","0,00 ","27.685,71 ","0,00 ","8.197,71 ","19.488,00 ","24.024,00 ","24.024,00 ","988,90 ","988,90 ","0,00 ","0,00 ","743.916,76 ","165.848,27 ","0,00 ","0,00 ","165.848,27 ","403.218,59 ","32.688,78 ","303.769,34 ","52.957,01 ","0,00 ","13.803,46 ","39.306,00 ","0,00 ","39.306,00 ","0,00 ","135.543,90 ","0,00 ","135.543,90 ","0,00 ","0,00 ","0,00 ","0,00 ","0,00 ","0,00 ","0,00 ","0,00 ","0,00 ","0,00 ","0,00 ","0,00 ","89.874,67 ","16.982,00 ","16.982,00 ","0,00 ","53.022,47 ","0,00 ","0,00 ","0,00 ","0,00 ","53.022,47 ","0,00 ","0,00 ","0,00 ","0,00 ","0,00 ","0,00 ","19.870,20 ","19.870,20 ","0,00 ","325.057,41 ","36.093,74 ","36.093,74 ","0,00 ","288.963,67 ","288.963,67 ","0,00 ","0,00 ","0,00 ","0,00 ","0,00 ","0,00 ","0,00 ","0,00 ","0,00 ","0,00 ","0,00 ","0,00 ","0,00 ","0,00 ","0,00 ","0,00 ","0,00 ","0,00 ","0,00 ","0,00 ","0,00 ","0,00 ","0,00 ","0,00 ","0,00 ","0,00 ","0,00 ","0,00 ","0,00 ","0,00 ","2.400,00 ","2.400,00 ","0,00 ","2.400,00 ","0,00 ","0,00 ","2.839.464,31 "
53.,37 ,OBČINA IG,"762,60 ","762,60 ","0,00 ","0,00 ","762,60 ","0,00 ","0,00 ","0,00 ","0,00 ","0,00 ","0,00 ","0,00 ","0,00 ","0,00 ","0,00 ","0,00 ","0,00 ","0,00 ","0,00 ","104.295,21 ","0,00 ","0,00 ","0,00 ","0,00 ","0,00 ","104.295,21 ","0,00 ","0,00 ","104.295,21 ","0,00 ","0,00 ","0,00 ","30.704,47 ","0,00 ","0,00 ","0,00 ","0,00 ","1.671,23 ","1.671,23 ","0,00 ","29.033,24 ","652,50 ","28.380,74 ","19.167,34 ","19.167,34 ","19.167,34 ","0,00 ","0,00 ","0,00 ","0,00 ","0,00 ","0,00 ","0,00 ","0,00 ","0,00 ","0,00 ","0,00 ","0,00 ","0,00 ","0,00 ","0,00 ","0,00 ","0,00 ","0,00 ","0,00 ","0,00 ","0,00 ","0,00 ","0,00 ","0,00 ","0,00 ","0,00 ","0,00 ","0,00 ","0,00 ","0,00 ","603.805,61 ","603.805,61 ","0,00 ","245.318,31 ","2.539,36 ","51.512,60 ","0,00 ","304.435,34 ","0,00 ","0,00 ","0,00 ","0,00 ","0,00 ","0,00 ","0,00 ","0,00 ","3.950,40 ","0,00 ","0,00 ","0,00 ","0,00 ","3.950,40 ","3.950,40 ","0,00 ","205.705,27 ","0,00 ","0,00 ","205.705,27 ","0,00 ","205.705,27 ","0,00 ","0,00 ","0,00 ","0,00 ","0,00 ","0,00 ","0,00 ","399.413,68 ","0,00 ","0,00 ","0,00 ","0,00 ","341.302,16 ","308.035,69 ","7.512,00 ","25.754,47 ","0,00 ","0,00 ","0,00 ","0,00 ","0,00 ","0,00 ","58.111,52 ","58.111,52 ","0,00 ","103.316,67 ","103.316,67 ","103.316,67 ","0,00 ","0,00 ","0,00 ","0,00 ","0,00 ","0,00 ","0,00 ","0,00 ","0,00 ","196.298,01 ","0,00 ","0,00 ","0,00 ","196.298,01 ","0,00 ","0,00 ","0,00 ","0,00 ","196.298,01 ","0,00 ","0,00 ","0,00 ","0,00 ","0,00 ","0,00 ","0,00 ","0,00 ","0,00 ","501.462,42 ","277.855,46 ","277.855,46 ","0,00 ","223.606,96 ","223.606,96 ","0,00 ","0,00 ","0,00 ","0,00 ","0,00 ","0,00 ","0,00 ","0,00 ","0,00 ","0,00 ","0,00 ","0,00 ","0,00 ","0,00 ","4.633,95 ","0,00 ","0,00 ","0,00 ","0,00 ","4.633,95 ","0,00 ","0,00 ","4.633,95 ","0,00 ","0,00 ","0,00 ","0,00 ","0,00 ","0,00 ","0,00 ","0,00 ","0,00 ","0,00 ","0,00 ","0,00 ","0,00 ","2.173.515,63 "
54.,38 ,OBČINA ILIRSKA BISTRICA,"0,00 ","0,00 ","0,00 ","0,00 ","0,00 ","0,00 ","0,00 ","0,00 ","0,00 ","0,00 ","0,00 ","0,00 ","0,00 ","0,00 ","0,00 ","0,00 ","0,00 ","0,00 ","0,00 ","255.390,16 ","0,00 ","0,00 ","0,00 ","0,00 ","0,00 ","255.390,16 ","0,00 ","0,00 ","255.390,16 ","0,00 ","0,00 ","0,00 ","155.058,32 ","0,00 ","0,00 ","0,00 ","0,00 ","74,00 ","74,00 ","0,00 ","154.984,32 ","0,00 ","154.984,32 ","2.520,00 ","2.520,00 ","0,00 ","2.520,00 ","0,00 ","0,00 ","0,00 ","0,00 ","0,00 ","0,00 ","0,00 ","87.223,15 ","87.223,15 ","0,00 ","87.223,15 ","0,00 ","0,00 ","0,00 ","0,00 ","0,00 ","0,00 ","0,00 ","0,00 ","0,00 ","0,00 ","0,00 ","0,00 ","0,00 ","0,00 ","0,00 ","0,00 ","0,00 ","0,00 ","2.985.377,37 ","2.985.377,37 ","0,00 ","2.928.688,35 ","41.029,02 ","15.660,00 ","0,00 ","0,00 ","0,00 ","0,00 ","0,00 ","0,00 ","0,00 ","0,00 ","0,00 ","0,00 ","308.857,07 ","0,00 ","0,00 ","0,00 ","0,00 ","308.857,07 ","0,00 ","308.857,07 ","927.277,20 ","0,00 ","0,00 ","927.277,20 ","0,00 ","927.277,20 ","0,00 ","0,00 ","0,00 ","0,00 ","0,00 ","0,00 ","0,00 ","730.867,20 ","65.466,00 ","0,00 ","0,00 ","65.466,00 ","316.170,57 ","147.547,04 ","168.623,53 ","0,00 ","0,00 ","0,00 ","14.088,00 ","0,00 ","14.088,00 ","0,00 ","335.142,63 ","0,00 ","335.142,63 ","180.924,94 ","180.924,94 ","180.924,94 ","0,00 ","0,00 ","0,00 ","0,00 ","0,00 ","0,00 ","0,00 ","0,00 ","0,00 ","124.342,48 ","39.467,57 ","25.914,46 ","13.553,11 ","21.001,57 ","0,00 ","0,00 ","17.839,64 ","210,00 ","2.951,93 ","0,00 ","0,00 ","0,00 ","0,00 ","0,00 ","0,00 ","63.873,34 ","63.873,34 ","0,00 ","1.223.140,25 ","357.219,57 ","357.219,57 ","0,00 ","855.903,32 ","818.437,54 ","29.189,27 ","8.276,51 ","0,00 ","4.800,00 ","0,00 ","4.800,00 ","5.217,36 ","0,00 ","5.217,36 ","0,00 ","0,00 ","0,00 ","0,00 ","0,00 ","0,00 ","0,00 ","0,00 ","0,00 ","0,00 ","0,00 ","0,00 ","0,00 ","0,00 ","0,00 ","0,00 ","0,00 ","0,00 ","0,00 ","0,00 ","0,00 ","0,00 ","0,00 ","0,00 ","0,00 ","0,00 ","0,00 ","6.980.978,14 "
55.,39 ,OBČINA IVANČNA GORICA,"0,00 ","0,00 ","0,00 ","0,00 ","0,00 ","0,00 ","0,00 ","0,00 ","0,00 ","0,00 ","0,00 ","0,00 ","0,00 ","0,00 ","0,00 ","0,00 ","0,00 ","0,00 ","0,00 ","30.262,42 ","0,00 ","0,00 ","0,00 ","0,00 ","0,00 ","30.262,42 ","0,00 ","0,00 ","30.262,42 ","0,00 ","0,00 ","0,00 ","51.877,87 ","4.356,41 ","0,00 ","0,00 ","4.356,41 ","1.478,50 ","1.478,50 ","0,00 ","46.042,96 ","7.145,00 ","38.897,96 ","0,00 ","0,00 ","0,00 ","0,00 ","0,00 ","0,00 ","0,00 ","0,00 ","0,00 ","0,00 ","0,00 ","10.000,00 ","10.000,00 ","0,00 ","10.000,00 ","0,00 ","0,00 ","0,00 ","0,00 ","0,00 ","0,00 ","0,00 ","0,00 ","0,00 ","0,00 ","0,00 ","0,00 ","0,00 ","0,00 ","0,00 ","0,00 ","0,00 ","0,00 ","1.275.737,76 ","1.275.737,76 ","1.630,58 ","1.011.880,31 ","22.367,68 ","8.679,78 ","0,00 ","231.179,41 ","0,00 ","0,00 ","0,00 ","0,00 ","0,00 ","0,00 ","0,00 ","0,00 ","0,00 ","0,00 ","0,00 ","0,00 ","0,00 ","0,00 ","0,00 ","0,00 ","44.134,47 ","0,00 ","0,00 ","43.227,36 ","0,00 ","43.227,36 ","0,00 ","907,11 ","907,11 ","0,00 ","0,00 ","0,00 ","0,00 ","603.090,36 ","0,00 ","0,00 ","0,00 ","0,00 ","279.842,28 ","96.299,08 ","183.543,20 ","0,00 ","0,00 ","0,00 ","42.689,91 ","0,00 ","42.689,91 ","0,00 ","280.558,17 ","0,00 ","280.558,17 ","0,00 ","0,00 ","0,00 ","0,00 ","0,00 ","0,00 ","0,00 ","0,00 ","0,00 ","0,00 ","0,00 ","0,00 ","84.413,91 ","8.400,00 ","8.400,00 ","0,00 ","33.660,68 ","0,00 ","0,00 ","0,00 ","0,00 ","33.660,68 ","0,00 ","0,00 ","0,00 ","0,00 ","0,00 ","0,00 ","42.353,23 ","42.353,23 ","0,00 ","1.737.569,44 ","1.683.523,75 ","1.683.523,75 ","0,00 ","54.045,69 ","54.045,69 ","0,00 ","0,00 ","0,00 ","0,00 ","0,00 ","0,00 ","0,00 ","0,00 ","0,00 ","0,00 ","0,00 ","0,00 ","0,00 ","0,00 ","0,00 ","0,00 ","0,00 ","0,00 ","0,00 ","0,00 ","0,00 ","0,00 ","0,00 ","0,00 ","0,00 ","0,00 ","0,00 ","0,00 ","0,00 ","0,00 ","0,00 ","0,00 ","0,00 ","0,00 ","0,00 ","0,00 ","3.837.086,23 "
56.,40 ,OBČINA IZOLA,"0,00 ","0,00 ","0,00 ","0,00 ","0,00 ","0,00 ","0,00 ","0,00 ","0,00 ","0,00 ","0,00 ","0,00 ","0,00 ","0,00 ","0,00 ","0,00 ","0,00 ","0,00 ","0,00 ","165.596,00 ","0,00 ","0,00 ","57.876,00 ","57.876,00 ","0,00 ","107.720,00 ","0,00 ","0,00 ","107.720,00 ","0,00 ","0,00 ","0,00 ","101.900,00 ","0,00 ","0,00 ","0,00 ","0,00 ","998,00 ","998,00 ","0,00 ","100.902,00 ","0,00 ","100.902,00 ","18.501,00 ","18.501,00 ","18.501,00 ","0,00 ","18.680,00 ","18.680,00 ","18.680,00 ","0,00 ","0,00 ","0,00 ","0,00 ","0,00 ","0,00 ","0,00 ","0,00 ","0,00 ","0,00 ","0,00 ","0,00 ","0,00 ","0,00 ","0,00 ","0,00 ","0,00 ","0,00 ","0,00 ","0,00 ","0,00 ","0,00 ","0,00 ","0,00 ","0,00 ","0,00 ","1.010.614,00 ","1.010.614,00 ","0,00 ","757.203,00 ","154.817,00 ","98.594,00 ","0,00 ","0,00 ","0,00 ","0,00 ","0,00 ","0,00 ","0,00 ","0,00 ","0,00 ","0,00 ","56.934,00 ","0,00 ","0,00 ","0,00 ","0,00 ","56.934,00 ","0,00 ","56.934,00 ","102.004,00 ","0,00 ","0,00 ","102.004,00 ","0,00 ","102.004,00 ","0,00 ","0,00 ","0,00 ","0,00 ","0,00 ","0,00 ","0,00 ","5.126.873,00 ","0,00 ","0,00 ","0,00 ","0,00 ","245.091,00 ","79.481,00 ","0,00 ","165.610,00 ","0,00 ","0,00 ","4.665.290,00 ","0,00 ","4.665.290,00 ","0,00 ","216.492,00 ","216.492,00 ","0,00 ","0,00 ","0,00 ","0,00 ","0,00 ","0,00 ","0,00 ","0,00 ","0,00 ","0,00 ","0,00 ","0,00 ","0,00 ","12.210,00 ","9.330,00 ","9.330,00 ","0,00 ","2.880,00 ","0,00 ","0,00 ","0,00 ","0,00 ","2.880,00 ","0,00 ","0,00 ","0,00 ","0,00 ","0,00 ","0,00 ","0,00 ","0,00 ","0,00 ","0,00 ","0,00 ","0,00 ","0,00 ","0,00 ","0,00 ","0,00 ","0,00 ","0,00 ","0,00 ","0,00 ","0,00 ","0,00 ","0,00 ","0,00 ","0,00 ","0,00 ","0,00 ","0,00 ","0,00 ","0,00 ","0,00 ","0,00 ","0,00 ","0,00 ","0,00 ","0,00 ","0,00 ","0,00 ","0,00 ","0,00 ","0,00 ","0,00 ","0,00 ","0,00 ","0,00 ","0,00 ","0,00 ","0,00 ","0,00 ","0,00 ","0,00 ","6.613.312,00 "
57.,41 ,OBČINA JESENICE,"0,00 ","0,00 ","0,00 ","0,00 ","0,00 ","0,00 ","0,00 ","0,00 ","0,00 ","0,00 ","0,00 ","0,00 ","0,00 ","0,00 ","0,00 ","0,00 ","0,00 ","0,00 ","0,00 ","276.265,48 ","0,00 ","0,00 ","19.473,55 ","19.473,55 ","0,00 ","256.791,93 ","0,00 ","0,00 ","256.791,93 ","0,00 ","0,00 ","0,00 ","48.262,50 ","0,00 ","0,00 ","0,00 ","0,00 ","0,00 ","0,00 ","0,00 ","48.262,50 ","9.813,46 ","38.449,04 ","0,00 ","0,00 ","0,00 ","0,00 ","4.345,80 ","4.345,80 ","4.345,80 ","0,00 ","0,00 ","0,00 ","0,00 ","53.336,71 ","53.336,71 ","0,00 ","53.336,71 ","0,00 ","0,00 ","0,00 ","0,00 ","0,00 ","0,00 ","0,00 ","0,00 ","0,00 ","0,00 ","0,00 ","0,00 ","0,00 ","0,00 ","0,00 ","0,00 ","0,00 ","0,00 ","519.073,96 ","519.073,96 ","0,00 ","291.691,37 ","60.644,28 ","39.275,82 ","0,00 ","127.462,49 ","0,00 ","0,00 ","0,00 ","0,00 ","0,00 ","0,00 ","0,00 ","0,00 ","2.293.529,55 ","0,00 ","0,00 ","2.285.830,42 ","2.285.830,42 ","7.699,13 ","0,00 ","7.699,13 ","277.822,61 ","0,00 ","0,00 ","245.282,61 ","102.298,92 ","142.983,69 ","0,00 ","0,00 ","0,00 ","32.540,00 ","32.540,00 ","0,00 ","0,00 ","973.478,45 ","0,00 ","0,00 ","0,00 ","0,00 ","10.398,02 ","0,00 ","0,00 ","10.398,02 ","0,00 ","0,00 ","469.715,66 ","0,00 ","469.715,66 ","0,00 ","493.364,77 ","0,00 ","493.364,77 ","0,00 ","0,00 ","0,00 ","0,00 ","0,00 ","0,00 ","0,00 ","0,00 ","0,00 ","0,00 ","0,00 ","0,00 ","1.133.500,14 ","1.133.500,14 ","1.133.500,14 ","0,00 ","0,00 ","0,00 ","0,00 ","0,00 ","0,00 ","0,00 ","0,00 ","0,00 ","0,00 ","0,00 ","0,00 ","0,00 ","0,00 ","0,00 ","0,00 ","166.534,73 ","0,00 ","0,00 ","0,00 ","45.674,59 ","10.546,12 ","35.128,47 ","0,00 ","0,00 ","120.860,14 ","0,00 ","120.860,14 ","0,00 ","0,00 ","0,00 ","0,00 ","0,00 ","0,00 ","0,00 ","0,00 ","0,00 ","0,00 ","0,00 ","0,00 ","0,00 ","0,00 ","0,00 ","0,00 ","0,00 ","0,00 ","0,00 ","0,00 ","0,00 ","0,00 ","0,00 ","0,00 ","0,00 ","0,00 ","0,00 ","0,00 ","0,00 ","0,00 ","5.746.149,93 "
58.,163 ,OBČINA JEZERSKO,"87,10 ","87,10 ","0,00 ","0,00 ","87,10 ","0,00 ","0,00 ","0,00 ","0,00 ","0,00 ","0,00 ","0,00 ","0,00 ","0,00 ","0,00 ","0,00 ","0,00 ","0,00 ","0,00 ","4.521,60 ","0,00 ","0,00 ","0,00 ","0,00 ","0,00 ","4.521,60 ","0,00 ","0,00 ","4.521,60 ","0,00 ","0,00 ","0,00 ","1.406,70 ","0,00 ","0,00 ","0,00 ","0,00 ","0,00 ","0,00 ","0,00 ","1.406,70 ","0,00 ","1.406,70 ","0,00 ","0,00 ","0,00 ","0,00 ","0,00 ","0,00 ","0,00 ","0,00 ","0,00 ","0,00 ","0,00 ","0,00 ","0,00 ","0,00 ","0,00 ","0,00 ","0,00 ","0,00 ","0,00 ","0,00 ","0,00 ","0,00 ","0,00 ","0,00 ","0,00 ","0,00 ","0,00 ","0,00 ","0,00 ","0,00 ","0,00 ","0,00 ","0,00 ","200.701,50 ","200.701,50 ","0,00 ","200.701,50 ","0,00 ","0,00 ","0,00 ","0,00 ","0,00 ","0,00 ","0,00 ","0,00 ","0,00 ","0,00 ","0,00 ","0,00 ","21.561,64 ","0,00 ","0,00 ","0,00 ","0,00 ","21.561,64 ","0,00 ","21.561,64 ","80.244,00 ","0,00 ","0,00 ","80.244,00 ","0,00 ","80.244,00 ","0,00 ","0,00 ","0,00 ","0,00 ","0,00 ","0,00 ","0,00 ","55.893,34 ","28.152,00 ","0,00 ","0,00 ","28.152,00 ","25.734,94 ","0,00 ","25.734,94 ","0,00 ","0,00 ","0,00 ","0,00 ","0,00 ","0,00 ","0,00 ","2.006,40 ","0,00 ","2.006,40 ","3.044,45 ","3.044,45 ","3.044,45 ","0,00 ","0,00 ","0,00 ","0,00 ","0,00 ","0,00 ","0,00 ","0,00 ","0,00 ","0,00 ","0,00 ","0,00 ","0,00 ","0,00 ","0,00 ","0,00 ","0,00 ","0,00 ","0,00 ","0,00 ","0,00 ","0,00 ","0,00 ","0,00 ","0,00 ","0,00 ","0,00 ","0,00 ","21.355,44 ","6.876,45 ","6.876,45 ","0,00 ","14.478,99 ","14.478,99 ","0,00 ","0,00 ","0,00 ","0,00 ","0,00 ","0,00 ","0,00 ","0,00 ","0,00 ","0,00 ","0,00 ","0,00 ","0,00 ","0,00 ","0,00 ","0,00 ","0,00 ","0,00 ","0,00 ","0,00 ","0,00 ","0,00 ","0,00 ","0,00 ","0,00 ","0,00 ","0,00 ","0,00 ","0,00 ","0,00 ","0,00 ","0,00 ","0,00 ","0,00 ","0,00 ","0,00 ","388.815,77 "
59.,42 ,OBČINA JURŠINCI,"0,00 ","0,00 ","0,00 ","0,00 ","0,00 ","0,00 ","0,00 ","0,00 ","0,00 ","0,00 ","0,00 ","0,00 ","0,00 ","0,00 ","0,00 ","0,00 ","0,00 ","0,00 ","0,00 ","0,00 ","0,00 ","0,00 ","0,00 ","0,00 ","0,00 ","0,00 ","0,00 ","0,00 ","0,00 ","0,00 ","0,00 ","0,00 ","15.819,38 ","0,00 ","0,00 ","0,00 ","0,00 ","0,00 ","0,00 ","0,00 ","15.819,38 ","0,00 ","15.819,38 ","0,00 ","0,00 ","0,00 ","0,00 ","0,00 ","0,00 ","0,00 ","0,00 ","0,00 ","0,00 ","0,00 ","1.440,00 ","1.440,00 ","0,00 ","0,00 ","1.440,00 ","0,00 ","0,00 ","0,00 ","0,00 ","0,00 ","0,00 ","0,00 ","0,00 ","0,00 ","0,00 ","0,00 ","0,00 ","0,00 ","0,00 ","0,00 ","0,00 ","0,00 ","318.363,23 ","318.363,23 ","0,00 ","318.363,23 ","0,00 ","0,00 ","0,00 ","0,00 ","0,00 ","0,00 ","0,00 ","0,00 ","0,00 ","0,00 ","0,00 ","0,00 ","0,00 ","0,00 ","0,00 ","0,00 ","0,00 ","0,00 ","0,00 ","0,00 ","56.437,69 ","0,00 ","0,00 ","56.437,69 ","0,00 ","56.437,69 ","0,00 ","0,00 ","0,00 ","0,00 ","0,00 ","0,00 ","0,00 ","44.295,00 ","0,00 ","0,00 ","0,00 ","0,00 ","2.295,00 ","0,00 ","2.295,00 ","0,00 ","0,00 ","0,00 ","0,00 ","0,00 ","0,00 ","0,00 ","42.000,00 ","0,00 ","42.000,00 ","11.246,06 ","11.246,06 ","11.246,06 ","0,00 ","0,00 ","0,00 ","0,00 ","0,00 ","0,00 ","0,00 ","0,00 ","0,00 ","100.000,00 ","0,00 ","0,00 ","0,00 ","100.000,00 ","0,00 ","0,00 ","0,00 ","0,00 ","100.000,00 ","0,00 ","0,00 ","0,00 ","0,00 ","0,00 ","0,00 ","0,00 ","0,00 ","0,00 ","607.512,90 ","0,00 ","0,00 ","0,00 ","607.512,90 ","607.512,90 ","0,00 ","0,00 ","0,00 ","0,00 ","0,00 ","0,00 ","0,00 ","0,00 ","0,00 ","0,00 ","0,00 ","0,00 ","0,00 ","0,00 ","0,00 ","0,00 ","0,00 ","0,00 ","0,00 ","0,00 ","0,00 ","0,00 ","0,00 ","0,00 ","0,00 ","0,00 ","0,00 ","0,00 ","0,00 ","0,00 ","0,00 ","0,00 ","0,00 ","0,00 ","0,00 ","0,00 ","1.155.114,26 "
60.,43 ,OBČINA KAMNIK,"2.500,12 ","2.500,12 ","2.152,93 ","0,00 ","347,19 ","0,00 ","0,00 ","0,00 ","0,00 ","0,00 ","0,00 ","0,00 ","0,00 ","0,00 ","0,00 ","0,00 ","0,00 ","0,00 ","0,00 ","216.997,20 ","0,00 ","0,00 ","0,00 ","0,00 ","0,00 ","216.997,20 ","0,00 ","0,00 ","216.997,20 ","0,00 ","0,00 ","0,00 ","86.995,02 ","2.252,56 ","0,00 ","0,00 ","2.252,56 ","3.817,33 ","3.817,33 ","0,00 ","80.925,13 ","0,00 ","80.925,13 ","5.694,68 ","5.694,68 ","5.694,68 ","0,00 ","522,00 ","522,00 ","522,00 ","0,00 ","0,00 ","0,00 ","0,00 ","0,00 ","0,00 ","0,00 ","0,00 ","0,00 ","0,00 ","0,00 ","0,00 ","0,00 ","0,00 ","0,00 ","0,00 ","0,00 ","0,00 ","0,00 ","0,00 ","0,00 ","0,00 ","0,00 ","0,00 ","0,00 ","0,00 ","3.291.461,10 ","3.291.461,10 ","14.302,33 ","2.996.297,93 ","129.397,64 ","151.463,20 ","0,00 ","0,00 ","0,00 ","0,00 ","0,00 ","0,00 ","0,00 ","0,00 ","0,00 ","0,00 ","0,00 ","0,00 ","0,00 ","0,00 ","0,00 ","0,00 ","0,00 ","0,00 ","100.443,37 ","0,00 ","0,00 ","100.443,37 ","0,00 ","100.443,37 ","0,00 ","0,00 ","0,00 ","0,00 ","0,00 ","0,00 ","0,00 ","1.024.446,92 ","156.223,18 ","0,00 ","0,00 ","156.223,18 ","109.425,02 ","31.694,36 ","16.633,22 ","60.292,44 ","0,00 ","805,00 ","133.168,21 ","0,00 ","6.764,61 ","126.403,60 ","625.630,51 ","465.896,69 ","159.733,82 ","0,00 ","0,00 ","0,00 ","0,00 ","0,00 ","0,00 ","0,00 ","0,00 ","0,00 ","0,00 ","0,00 ","0,00 ","530.693,07 ","275.228,46 ","275.228,46 ","0,00 ","133.787,16 ","0,00 ","0,00 ","0,00 ","0,00 ","133.787,16 ","0,00 ","0,00 ","0,00 ","0,00 ","0,00 ","0,00 ","121.677,45 ","121.677,45 ","0,00 ","152.095,13 ","50.597,38 ","50.597,38 ","0,00 ","101.497,75 ","98.497,25 ","0,00 ","0,00 ","3.000,50 ","0,00 ","0,00 ","0,00 ","0,00 ","0,00 ","0,00 ","0,00 ","0,00 ","0,00 ","0,00 ","0,00 ","418,60 ","0,00 ","0,00 ","418,60 ","418,60 ","0,00 ","0,00 ","0,00 ","0,00 ","0,00 ","0,00 ","0,00 ","0,00 ","0,00 ","0,00 ","0,00 ","140.907,81 ","140.907,81 ","0,00 ","140.907,81 ","0,00 ","0,00 ","5.553.175,02 "
61.,44 ,OBČINA KANAL,"0,00 ","0,00 ","0,00 ","0,00 ","0,00 ","0,00 ","0,00 ","0,00 ","0,00 ","0,00 ","0,00 ","0,00 ","0,00 ","0,00 ","0,00 ","0,00 ","0,00 ","0,00 ","0,00 ","0,00 ","0,00 ","0,00 ","0,00 ","0,00 ","0,00 ","0,00 ","0,00 ","0,00 ","0,00 ","0,00 ","0,00 ","0,00 ","67.727,30 ","0,00 ","0,00 ","0,00 ","0,00 ","7.065,34 ","7.065,34 ","0,00 ","60.661,96 ","0,00 ","60.661,96 ","0,00 ","0,00 ","0,00 ","0,00 ","0,00 ","0,00 ","0,00 ","0,00 ","0,00 ","0,00 ","0,00 ","0,00 ","0,00 ","0,00 ","0,00 ","0,00 ","0,00 ","0,00 ","0,00 ","0,00 ","0,00 ","0,00 ","0,00 ","0,00 ","0,00 ","0,00 ","0,00 ","0,00 ","0,00 ","0,00 ","0,00 ","0,00 ","0,00 ","2.490,00 ","2.490,00 ","0,00 ","2.490,00 ","0,00 ","0,00 ","0,00 ","0,00 ","0,00 ","0,00 ","0,00 ","0,00 ","0,00 ","0,00 ","0,00 ","0,00 ","0,00 ","0,00 ","0,00 ","0,00 ","0,00 ","0,00 ","0,00 ","0,00 ","949.107,42 ","0,00 ","0,00 ","949.107,42 ","6.367,09 ","942.740,33 ","0,00 ","0,00 ","0,00 ","0,00 ","0,00 ","0,00 ","0,00 ","1.192.998,00 ","102.379,20 ","0,00 ","0,00 ","102.379,20 ","1.027.117,47 ","507.227,86 ","230.180,94 ","0,00 ","0,00 ","289.708,67 ","0,00 ","0,00 ","0,00 ","0,00 ","63.501,33 ","36.188,36 ","27.312,97 ","0,00 ","0,00 ","0,00 ","0,00 ","0,00 ","0,00 ","0,00 ","0,00 ","0,00 ","0,00 ","0,00 ","0,00 ","196.185,67 ","0,00 ","0,00 ","0,00 ","44.391,79 ","0,00 ","0,00 ","0,00 ","0,00 ","44.391,79 ","0,00 ","0,00 ","0,00 ","0,00 ","0,00 ","0,00 ","151.793,88 ","92.152,60 ","59.641,28 ","285.579,75 ","0,00 ","0,00 ","0,00 ","285.579,75 ","285.579,75 ","0,00 ","0,00 ","0,00 ","0,00 ","0,00 ","0,00 ","0,00 ","0,00 ","0,00 ","0,00 ","0,00 ","0,00 ","0,00 ","0,00 ","19.583,34 ","0,00 ","0,00 ","0,00 ","0,00 ","19.583,34 ","0,00 ","0,00 ","19.583,34 ","0,00 ","0,00 ","0,00 ","0,00 ","0,00 ","0,00 ","0,00 ","18.476,84 ","18.476,84 ","0,00 ","18.476,84 ","0,00 ","0,00 ","2.732.148,32 "
62.,45 ,OBČINA KIDRIČEVO,"0,00 ","0,00 ","0,00 ","0,00 ","0,00 ","0,00 ","0,00 ","0,00 ","0,00 ","0,00 ","0,00 ","0,00 ","0,00 ","0,00 ","0,00 ","0,00 ","0,00 ","0,00 ","0,00 ","0,00 ","0,00 ","0,00 ","0,00 ","0,00 ","0,00 ","0,00 ","0,00 ","0,00 ","0,00 ","0,00 ","0,00 ","0,00 ","11.731,51 ","0,00 ","0,00 ","0,00 ","0,00 ","0,00 ","0,00 ","0,00 ","11.731,51 ","0,00 ","11.731,51 ","3.387,84 ","3.387,84 ","3.387,84 ","0,00 ","0,00 ","0,00 ","0,00 ","0,00 ","0,00 ","0,00 ","0,00 ","155.943,64 ","155.943,64 ","0,00 ","355,94 ","155.587,70 ","0,00 ","0,00 ","0,00 ","0,00 ","0,00 ","0,00 ","0,00 ","0,00 ","0,00 ","0,00 ","0,00 ","0,00 ","0,00 ","0,00 ","0,00 ","0,00 ","0,00 ","646.197,12 ","646.197,12 ","0,00 ","573.036,17 ","0,00 ","73.160,95 ","0,00 ","0,00 ","0,00 ","0,00 ","0,00 ","0,00 ","0,00 ","0,00 ","0,00 ","0,00 ","0,00 ","0,00 ","0,00 ","0,00 ","0,00 ","0,00 ","0,00 ","0,00 ","432.597,67 ","0,00 ","0,00 ","432.597,67 ","11.911,97 ","420.685,70 ","0,00 ","0,00 ","0,00 ","0,00 ","0,00 ","0,00 ","0,00 ","587.933,43 ","243.462,49 ","0,00 ","0,00 ","243.462,49 ","48.789,84 ","0,00 ","0,00 ","0,00 ","0,00 ","48.789,84 ","3.977,10 ","0,00 ","3.977,10 ","0,00 ","291.704,00 ","0,00 ","291.704,00 ","0,00 ","0,00 ","0,00 ","0,00 ","0,00 ","0,00 ","0,00 ","0,00 ","0,00 ","0,00 ","0,00 ","0,00 ","177.908,93 ","0,00 ","0,00 ","0,00 ","0,00 ","0,00 ","0,00 ","0,00 ","0,00 ","0,00 ","0,00 ","0,00 ","0,00 ","0,00 ","0,00 ","0,00 ","177.908,93 ","177.908,93 ","0,00 ","88.594,61 ","88.594,61 ","88.594,61 ","0,00 ","0,00 ","0,00 ","0,00 ","0,00 ","0,00 ","0,00 ","0,00 ","0,00 ","0,00 ","0,00 ","0,00 ","0,00 ","0,00 ","0,00 ","0,00 ","0,00 ","0,00 ","0,00 ","0,00 ","0,00 ","0,00 ","0,00 ","0,00 ","0,00 ","0,00 ","0,00 ","0,00 ","0,00 ","0,00 ","0,00 ","0,00 ","0,00 ","0,00 ","0,00 ","0,00 ","0,00 ","0,00 ","0,00 ","2.104.294,75 "
63.,46 ,OBČINA KOBARID,"0,00 ","0,00 ","0,00 ","0,00 ","0,00 ","0,00 ","0,00 ","0,00 ","0,00 ","0,00 ","0,00 ","0,00 ","0,00 ","0,00 ","0,00 ","0,00 ","0,00 ","0,00 ","0,00 ","40.382,00 ","0,00 ","0,00 ","3.093,00 ","3.093,00 ","0,00 ","37.289,00 ","0,00 ","0,00 ","37.289,00 ","0,00 ","0,00 ","0,00 ","50.312,00 ","0,00 ","0,00 ","0,00 ","0,00 ","0,00 ","0,00 ","0,00 ","50.312,00 ","0,00 ","50.312,00 ","0,00 ","0,00 ","0,00 ","0,00 ","0,00 ","0,00 ","0,00 ","0,00 ","0,00 ","0,00 ","0,00 ","80.888,14 ","80.888,14 ","0,00 ","80.888,14 ","0,00 ","0,00 ","0,00 ","0,00 ","0,00 ","0,00 ","0,00 ","0,00 ","0,00 ","3.804,00 ","3.804,00 ","3.804,00 ","0,00 ","0,00 ","0,00 ","0,00 ","0,00 ","0,00 ","758.898,00 ","758.898,00 ","756.498,00 ","0,00 ","0,00 ","2.400,00 ","0,00 ","0,00 ","0,00 ","0,00 ","0,00 ","0,00 ","0,00 ","0,00 ","0,00 ","0,00 ","59.645,15 ","0,00 ","0,00 ","51.184,15 ","51.184,15 ","8.461,00 ","0,00 ","8.461,00 ","23.180,00 ","0,00 ","0,00 ","5.000,00 ","0,00 ","5.000,00 ","0,00 ","0,00 ","0,00 ","0,00 ","0,00 ","18.180,00 ","18.180,00 ","73.813,00 ","43.211,00 ","0,00 ","0,00 ","43.211,00 ","30.602,00 ","0,00 ","0,00 ","30.602,00 ","0,00 ","0,00 ","0,00 ","0,00 ","0,00 ","0,00 ","0,00 ","0,00 ","0,00 ","0,00 ","0,00 ","0,00 ","0,00 ","0,00 ","0,00 ","0,00 ","0,00 ","0,00 ","0,00 ","0,00 ","0,00 ","13.949,00 ","8.949,00 ","8.949,00 ","0,00 ","5.000,00 ","5.000,00 ","0,00 ","0,00 ","0,00 ","0,00 ","0,00 ","0,00 ","0,00 ","0,00 ","0,00 ","0,00 ","0,00 ","0,00 ","0,00 ","22.279,00 ","8.000,00 ","8.000,00 ","0,00 ","14.279,00 ","14.279,00 ","0,00 ","0,00 ","0,00 ","0,00 ","0,00 ","0,00 ","0,00 ","0,00 ","0,00 ","0,00 ","0,00 ","0,00 ","0,00 ","0,00 ","0,00 ","0,00 ","0,00 ","0,00 ","0,00 ","0,00 ","0,00 ","0,00 ","0,00 ","0,00 ","0,00 ","0,00 ","0,00 ","0,00 ","0,00 ","0,00 ","0,00 ","0,00 ","0,00 ","0,00 ","0,00 ","0,00 ","1.127.150,29 "
64.,47 ,OBČINA KOBILJE,"0,00 ","0,00 ","0,00 ","0,00 ","0,00 ","0,00 ","0,00 ","0,00 ","0,00 ","0,00 ","0,00 ","0,00 ","0,00 ","0,00 ","0,00 ","0,00 ","0,00 ","0,00 ","0,00 ","1.260,74 ","0,00 ","0,00 ","180,10 ","180,10 ","0,00 ","1.080,64 ","0,00 ","0,00 ","1.080,64 ","0,00 ","0,00 ","0,00 ","0,00 ","0,00 ","0,00 ","0,00 ","0,00 ","0,00 ","0,00 ","0,00 ","0,00 ","0,00 ","0,00 ","0,00 ","0,00 ","0,00 ","0,00 ","0,00 ","0,00 ","0,00 ","0,00 ","0,00 ","0,00 ","0,00 ","383,25 ","383,25 ","383,25 ","0,00 ","0,00 ","0,00 ","0,00 ","0,00 ","0,00 ","0,00 ","0,00 ","0,00 ","0,00 ","0,00 ","0,00 ","0,00 ","0,00 ","0,00 ","0,00 ","0,00 ","0,00 ","0,00 ","17.148,98 ","17.148,98 ","0,00 ","11.688,98 ","0,00 ","5.460,00 ","0,00 ","0,00 ","0,00 ","0,00 ","0,00 ","0,00 ","0,00 ","0,00 ","0,00 ","0,00 ","0,00 ","0,00 ","0,00 ","0,00 ","0,00 ","0,00 ","0,00 ","0,00 ","9.455,02 ","0,00 ","0,00 ","9.455,02 ","564,00 ","8.891,02 ","0,00 ","0,00 ","0,00 ","0,00 ","0,00 ","0,00 ","0,00 ","102.389,87 ","39.144,11 ","0,00 ","0,00 ","39.144,11 ","0,00 ","0,00 ","0,00 ","0,00 ","0,00 ","0,00 ","0,00 ","0,00 ","0,00 ","0,00 ","63.245,76 ","63.245,76 ","0,00 ","0,00 ","0,00 ","0,00 ","0,00 ","0,00 ","0,00 ","0,00 ","0,00 ","0,00 ","0,00 ","0,00 ","0,00 ","0,00 ","0,00 ","0,00 ","0,00 ","0,00 ","0,00 ","0,00 ","0,00 ","0,00 ","0,00 ","0,00 ","0,00 ","0,00 ","0,00 ","0,00 ","0,00 ","0,00 ","0,00 ","0,00 ","0,00 ","0,00 ","0,00 ","0,00 ","0,00 ","0,00 ","0,00 ","0,00 ","0,00 ","0,00 ","0,00 ","0,00 ","0,00 ","0,00 ","0,00 ","0,00 ","0,00 ","0,00 ","0,00 ","0,00 ","0,00 ","0,00 ","0,00 ","0,00 ","0,00 ","0,00 ","0,00 ","0,00 ","0,00 ","0,00 ","0,00 ","0,00 ","0,00 ","0,00 ","0,00 ","0,00 ","0,00 ","0,00 ","0,00 ","0,00 ","0,00 ","0,00 ","130.637,86 "
65.,48 ,OBČINA KOČEVJE,"0,00 ","0,00 ","0,00 ","0,00 ","0,00 ","0,00 ","0,00 ","0,00 ","0,00 ","0,00 ","0,00 ","0,00 ","0,00 ","0,00 ","0,00 ","0,00 ","0,00 ","0,00 ","0,00 ","241.147,38 ","0,00 ","0,00 ","0,00 ","0,00 ","0,00 ","241.147,38 ","0,00 ","0,00 ","241.147,38 ","0,00 ","0,00 ","0,00 ","19.498,32 ","0,00 ","0,00 ","0,00 ","0,00 ","4.009,39 ","4.009,39 ","0,00 ","15.488,93 ","0,00 ","15.488,93 ","25.393,34 ","25.393,34 ","17.827,30 ","7.566,04 ","0,00 ","0,00 ","0,00 ","0,00 ","0,00 ","0,00 ","0,00 ","0,00 ","0,00 ","0,00 ","0,00 ","0,00 ","0,00 ","0,00 ","0,00 ","0,00 ","0,00 ","0,00 ","0,00 ","0,00 ","0,00 ","0,00 ","0,00 ","0,00 ","0,00 ","0,00 ","0,00 ","0,00 ","0,00 ","1.051.601,00 ","1.051.601,00 ","0,00 ","965.991,10 ","0,00 ","85.609,90 ","0,00 ","0,00 ","0,00 ","0,00 ","0,00 ","0,00 ","0,00 ","0,00 ","0,00 ","0,00 ","56.077,92 ","0,00 ","0,00 ","47.216,32 ","47.216,32 ","8.861,60 ","220,10 ","8.641,50 ","14.860,95 ","0,00 ","0,00 ","14.860,95 ","0,00 ","14.860,95 ","0,00 ","0,00 ","0,00 ","0,00 ","0,00 ","0,00 ","0,00 ","3.436.163,33 ","12.331,59 ","0,00 ","0,00 ","12.331,59 ","94.583,08 ","0,00 ","1.048,13 ","85.368,48 ","0,00 ","8.166,47 ","718.834,86 ","0,00 ","718.834,86 ","0,00 ","2.610.413,80 ","2.581.851,00 ","28.562,80 ","0,00 ","0,00 ","0,00 ","0,00 ","0,00 ","0,00 ","0,00 ","0,00 ","0,00 ","0,00 ","0,00 ","0,00 ","132.835,80 ","300,00 ","0,00 ","300,00 ","5.976,00 ","0,00 ","0,00 ","0,00 ","0,00 ","5.976,00 ","0,00 ","0,00 ","0,00 ","0,00 ","0,00 ","0,00 ","126.559,80 ","126.559,80 ","0,00 ","112.328,85 ","80.784,87 ","80.784,87 ","0,00 ","31.543,98 ","26.383,98 ","5.160,00 ","0,00 ","0,00 ","0,00 ","0,00 ","0,00 ","0,00 ","0,00 ","0,00 ","0,00 ","0,00 ","0,00 ","0,00 ","0,00 ","124.196,92 ","0,00 ","0,00 ","0,00 ","0,00 ","124.196,92 ","0,00 ","0,00 ","28.730,90 ","0,00 ","0,00 ","95.466,02 ","0,00 ","0,00 ","0,00 ","0,00 ","0,00 ","0,00 ","0,00 ","0,00 ","0,00 ","0,00 ","5.214.103,81 "
66.,49 ,OBČINA KOMEN,"0,00 ","0,00 ","0,00 ","0,00 ","0,00 ","0,00 ","0,00 ","0,00 ","0,00 ","0,00 ","0,00 ","0,00 ","0,00 ","0,00 ","0,00 ","0,00 ","0,00 ","0,00 ","0,00 ","56.482,32 ","0,00 ","0,00 ","0,00 ","0,00 ","0,00 ","56.482,32 ","0,00 ","0,00 ","56.482,32 ","0,00 ","0,00 ","0,00 ","20.813,75 ","0,00 ","0,00 ","0,00 ","0,00 ","0,00 ","0,00 ","0,00 ","20.813,75 ","8.376,91 ","12.436,84 ","1.304,46 ","1.304,46 ","1.304,46 ","0,00 ","0,00 ","0,00 ","0,00 ","0,00 ","0,00 ","0,00 ","0,00 ","0,00 ","0,00 ","0,00 ","0,00 ","0,00 ","0,00 ","0,00 ","0,00 ","0,00 ","0,00 ","0,00 ","0,00 ","0,00 ","0,00 ","0,00 ","0,00 ","0,00 ","0,00 ","0,00 ","0,00 ","0,00 ","0,00 ","2.988.439,10 ","73.078,08 ","0,00 ","62.158,08 ","0,00 ","10.920,00 ","0,00 ","0,00 ","0,00 ","0,00 ","0,00 ","0,00 ","0,00 ","0,00 ","2.915.361,02 ","2.915.361,02 ","0,00 ","0,00 ","0,00 ","0,00 ","0,00 ","0,00 ","0,00 ","0,00 ","1.491.007,44 ","0,00 ","0,00 ","1.472.333,78 ","0,00 ","1.472.333,78 ","0,00 ","0,00 ","0,00 ","18.673,66 ","18.673,66 ","0,00 ","0,00 ","957.158,90 ","0,00 ","0,00 ","0,00 ","0,00 ","906.854,90 ","842.130,36 ","1.620,00 ","63.104,54 ","0,00 ","0,00 ","0,00 ","0,00 ","0,00 ","0,00 ","50.304,00 ","50.304,00 ","0,00 ","0,00 ","0,00 ","0,00 ","0,00 ","0,00 ","0,00 ","0,00 ","0,00 ","0,00 ","0,00 ","0,00 ","0,00 ","17.590,19 ","338,89 ","338,89 ","0,00 ","5.851,30 ","5.851,30 ","0,00 ","0,00 ","0,00 ","0,00 ","0,00 ","0,00 ","0,00 ","0,00 ","0,00 ","0,00 ","11.400,00 ","11.400,00 ","0,00 ","187.958,99 ","47.262,07 ","47.262,07 ","0,00 ","140.696,92 ","134.492,92 ","6.204,00 ","0,00 ","0,00 ","0,00 ","0,00 ","0,00 ","0,00 ","0,00 ","0,00 ","0,00 ","0,00 ","0,00 ","0,00 ","0,00 ","0,00 ","0,00 ","0,00 ","0,00 ","0,00 ","0,00 ","0,00 ","0,00 ","0,00 ","0,00 ","0,00 ","0,00 ","0,00 ","0,00 ","0,00 ","0,00 ","0,00 ","0,00 ","0,00 ","0,00 ","0,00 ","0,00 ","5.720.755,15 "
67.,164 ,OBČINA KOMENDA,"0,00 ","0,00 ","0,00 ","0,00 ","0,00 ","0,00 ","0,00 ","0,00 ","0,00 ","0,00 ","0,00 ","0,00 ","0,00 ","0,00 ","0,00 ","0,00 ","0,00 ","0,00 ","0,00 ","0,00 ","0,00 ","0,00 ","0,00 ","0,00 ","0,00 ","0,00 ","0,00 ","0,00 ","0,00 ","0,00 ","0,00 ","0,00 ","6.031,41 ","0,00 ","0,00 ","0,00 ","0,00 ","0,00 ","0,00 ","0,00 ","6.031,41 ","0,00 ","6.031,41 ","18.070,36 ","18.070,36 ","18.070,36 ","0,00 ","0,00 ","0,00 ","0,00 ","0,00 ","0,00 ","0,00 ","0,00 ","0,00 ","0,00 ","0,00 ","0,00 ","0,00 ","0,00 ","0,00 ","0,00 ","0,00 ","0,00 ","0,00 ","0,00 ","0,00 ","0,00 ","0,00 ","0,00 ","0,00 ","0,00 ","0,00 ","0,00 ","0,00 ","0,00 ","234.598,06 ","234.598,06 ","0,00 ","173.880,16 ","0,00 ","60.717,90 ","0,00 ","0,00 ","0,00 ","0,00 ","0,00 ","0,00 ","0,00 ","0,00 ","0,00 ","0,00 ","0,00 ","0,00 ","0,00 ","0,00 ","0,00 ","0,00 ","0,00 ","0,00 ","1.257.265,55 ","0,00 ","0,00 ","1.237.195,53 ","15.024,30 ","1.222.171,23 ","0,00 ","20.070,02 ","20.070,02 ","0,00 ","0,00 ","0,00 ","0,00 ","860.580,50 ","121.606,41 ","0,00 ","0,00 ","121.606,41 ","119.522,86 ","119.522,86 ","0,00 ","0,00 ","0,00 ","0,00 ","340.932,43 ","0,00 ","130.668,47 ","210.263,96 ","278.518,80 ","0,00 ","278.518,80 ","0,00 ","0,00 ","0,00 ","0,00 ","0,00 ","0,00 ","0,00 ","0,00 ","0,00 ","0,00 ","0,00 ","0,00 ","564.247,16 ","0,00 ","0,00 ","0,00 ","0,00 ","0,00 ","0,00 ","0,00 ","0,00 ","0,00 ","0,00 ","0,00 ","0,00 ","0,00 ","0,00 ","0,00 ","564.247,16 ","564.247,16 ","0,00 ","0,00 ","0,00 ","0,00 ","0,00 ","0,00 ","0,00 ","0,00 ","0,00 ","0,00 ","0,00 ","0,00 ","0,00 ","0,00 ","0,00 ","0,00 ","0,00 ","0,00 ","0,00 ","0,00 ","0,00 ","134.908,80 ","0,00 ","0,00 ","0,00 ","0,00 ","134.908,80 ","0,00 ","0,00 ","134.908,80 ","0,00 ","0,00 ","0,00 ","0,00 ","0,00 ","0,00 ","0,00 ","0,00 ","0,00 ","0,00 ","0,00 ","0,00 ","0,00 ","3.075.701,84 "
68.,50 ,MESTNA OBČINA KOPER,"0,00 ","0,00 ","0,00 ","0,00 ","0,00 ","0,00 ","0,00 ","0,00 ","0,00 ","0,00 ","0,00 ","0,00 ","0,00 ","0,00 ","0,00 ","0,00 ","0,00 ","0,00 ","0,00 ","2.568.880,69 ","0,00 ","0,00 ","482.180,18 ","317.363,43 ","164.816,75 ","2.086.700,51 ","0,00 ","0,00 ","2.086.700,51 ","0,00 ","0,00 ","0,00 ","214.481,77 ","0,00 ","0,00 ","0,00 ","0,00 ","31.487,38 ","31.487,38 ","0,00 ","182.994,39 ","0,00 ","182.994,39 ","34.156,33 ","34.156,33 ","34.156,33 ","0,00 ","0,00 ","0,00 ","0,00 ","0,00 ","0,00 ","0,00 ","0,00 ","24.340,00 ","2.760,00 ","0,00 ","2.760,00 ","0,00 ","0,00 ","10.000,00 ","0,00 ","10.000,00 ","0,00 ","0,00 ","11.580,00 ","11.580,00 ","0,00 ","0,00 ","0,00 ","0,00 ","0,00 ","0,00 ","0,00 ","0,00 ","0,00 ","9.783.551,74 ","9.783.551,74 ","0,00 ","7.980.924,51 ","419.812,12 ","378.711,84 ","0,00 ","1.004.103,27 ","0,00 ","0,00 ","0,00 ","0,00 ","0,00 ","0,00 ","0,00 ","0,00 ","36.187,34 ","0,00 ","0,00 ","1.194,00 ","1.194,00 ","34.993,34 ","29.656,94 ","5.336,40 ","4.385.001,02 ","0,00 ","0,00 ","4.385.001,02 ","4.367,00 ","4.380.634,02 ","0,00 ","0,00 ","0,00 ","0,00 ","0,00 ","0,00 ","0,00 ","12.846.624,55 ","159.045,94 ","0,00 ","0,00 ","159.045,94 ","4.331.886,88 ","497.007,95 ","138.627,07 ","3.387.185,76 ","0,00 ","309.066,10 ","0,00 ","0,00 ","0,00 ","0,00 ","8.355.691,73 ","6.503.150,91 ","1.852.540,82 ","0,00 ","0,00 ","0,00 ","0,00 ","0,00 ","0,00 ","0,00 ","0,00 ","0,00 ","0,00 ","0,00 ","0,00 ","3.369.719,86 ","90.781,48 ","9.993,30 ","80.788,18 ","2.858.943,25 ","24.165,60 ","2.834.777,65 ","0,00 ","0,00 ","0,00 ","0,00 ","0,00 ","0,00 ","0,00 ","0,00 ","0,00 ","419.995,13 ","415.195,13 ","4.800,00 ","3.373.372,91 ","2.237.455,62 ","2.237.455,62 ","0,00 ","1.135.917,29 ","1.064.797,96 ","71.119,33 ","0,00 ","0,00 ","0,00 ","0,00 ","0,00 ","0,00 ","0,00 ","0,00 ","0,00 ","0,00 ","0,00 ","0,00 ","0,00 ","70.036,72 ","0,00 ","0,00 ","0,00 ","0,00 ","70.036,72 ","0,00 ","0,00 ","26.413,52 ","0,00 ","0,00 ","43.623,20 ","0,00 ","0,00 ","0,00 ","0,00 ","0,00 ","0,00 ","0,00 ","0,00 ","0,00 ","0,00 ","36.706.352,93 "
69.,197 ,OBČINA KOSTANJEVICA NA KRKI,"0,00 ","0,00 ","0,00 ","0,00 ","0,00 ","0,00 ","0,00 ","0,00 ","0,00 ","0,00 ","0,00 ","0,00 ","0,00 ","0,00 ","0,00 ","0,00 ","0,00 ","0,00 ","0,00 ","0,00 ","0,00 ","0,00 ","0,00 ","0,00 ","0,00 ","0,00 ","0,00 ","0,00 ","0,00 ","0,00 ","0,00 ","0,00 ","6.660,49 ","0,00 ","0,00 ","0,00 ","0,00 ","0,00 ","0,00 ","0,00 ","6.660,49 ","0,00 ","6.660,49 ","8.520,00 ","8.520,00 ","8.520,00 ","0,00 ","0,00 ","0,00 ","0,00 ","0,00 ","0,00 ","0,00 ","0,00 ","0,00 ","0,00 ","0,00 ","0,00 ","0,00 ","0,00 ","0,00 ","0,00 ","0,00 ","0,00 ","0,00 ","0,00 ","0,00 ","0,00 ","0,00 ","0,00 ","0,00 ","0,00 ","0,00 ","0,00 ","0,00 ","0,00 ","436.359,91 ","436.359,91 ","0,00 ","257.107,83 ","0,00 ","0,00 ","0,00 ","179.252,08 ","0,00 ","0,00 ","0,00 ","0,00 ","0,00 ","0,00 ","0,00 ","0,00 ","18.846,38 ","0,00 ","0,00 ","0,00 ","0,00 ","18.846,38 ","4.838,88 ","14.007,50 ","12.558,00 ","0,00 ","0,00 ","12.558,00 ","0,00 ","12.558,00 ","0,00 ","0,00 ","0,00 ","0,00 ","0,00 ","0,00 ","0,00 ","124.329,27 ","74.224,80 ","4.560,00 ","0,00 ","69.664,80 ","43.781,30 ","940,92 ","691,20 ","0,00 ","0,00 ","42.149,18 ","0,00 ","0,00 ","0,00 ","0,00 ","6.323,17 ","6.323,17 ","0,00 ","0,00 ","0,00 ","0,00 ","0,00 ","0,00 ","0,00 ","0,00 ","0,00 ","0,00 ","0,00 ","0,00 ","0,00 ","23.230,80 ","0,00 ","0,00 ","0,00 ","0,00 ","0,00 ","0,00 ","0,00 ","0,00 ","0,00 ","0,00 ","0,00 ","0,00 ","0,00 ","0,00 ","0,00 ","23.230,80 ","23.230,80 ","0,00 ","522,00 ","522,00 ","522,00 ","0,00 ","0,00 ","0,00 ","0,00 ","0,00 ","0,00 ","0,00 ","0,00 ","0,00 ","0,00 ","0,00 ","0,00 ","0,00 ","0,00 ","0,00 ","0,00 ","0,00 ","0,00 ","0,00 ","0,00 ","0,00 ","0,00 ","0,00 ","0,00 ","0,00 ","0,00 ","0,00 ","0,00 ","0,00 ","0,00 ","0,00 ","0,00 ","0,00 ","0,00 ","0,00 ","0,00 ","0,00 ","0,00 ","0,00 ","631.026,85 "
70.,165 ,OBČINA KOSTEL,"0,00 ","0,00 ","0,00 ","0,00 ","0,00 ","0,00 ","0,00 ","0,00 ","0,00 ","0,00 ","0,00 ","0,00 ","0,00 ","0,00 ","0,00 ","0,00 ","0,00 ","0,00 ","0,00 ","0,00 ","0,00 ","0,00 ","0,00 ","0,00 ","0,00 ","0,00 ","0,00 ","0,00 ","0,00 ","0,00 ","0,00 ","0,00 ","12.677,28 ","0,00 ","0,00 ","0,00 ","0,00 ","0,00 ","0,00 ","0,00 ","12.677,28 ","4.921,28 ","7.756,00 ","0,00 ","0,00 ","0,00 ","0,00 ","0,00 ","0,00 ","0,00 ","0,00 ","0,00 ","0,00 ","0,00 ","18.840,00 ","18.840,00 ","0,00 ","18.840,00 ","0,00 ","0,00 ","0,00 ","0,00 ","0,00 ","0,00 ","0,00 ","0,00 ","0,00 ","0,00 ","0,00 ","0,00 ","0,00 ","0,00 ","0,00 ","0,00 ","0,00 ","0,00 ","102.747,00 ","102.747,00 ","0,00 ","98.729,00 ","0,00 ","4.018,00 ","0,00 ","0,00 ","0,00 ","0,00 ","0,00 ","0,00 ","0,00 ","0,00 ","0,00 ","0,00 ","379.058,10 ","0,00 ","0,00 ","0,00 ","0,00 ","379.058,10 ","0,00 ","379.058,10 ","173.857,00 ","0,00 ","0,00 ","34.211,00 ","0,00 ","34.211,00 ","0,00 ","0,00 ","0,00 ","139.646,00 ","139.646,00 ","0,00 ","0,00 ","445.256,00 ","28.517,00 ","0,00 ","0,00 ","28.517,00 ","416.739,00 ","416.739,00 ","0,00 ","0,00 ","0,00 ","0,00 ","0,00 ","0,00 ","0,00 ","0,00 ","0,00 ","0,00 ","0,00 ","32.295,00 ","32.295,00 ","32.295,00 ","0,00 ","0,00 ","0,00 ","0,00 ","0,00 ","0,00 ","0,00 ","0,00 ","0,00 ","9.579,00 ","9.579,00 ","9.579,00 ","0,00 ","0,00 ","0,00 ","0,00 ","0,00 ","0,00 ","0,00 ","0,00 ","0,00 ","0,00 ","0,00 ","0,00 ","0,00 ","0,00 ","0,00 ","0,00 ","0,00 ","0,00 ","0,00 ","0,00 ","0,00 ","0,00 ","0,00 ","0,00 ","0,00 ","0,00 ","0,00 ","0,00 ","0,00 ","0,00 ","0,00 ","0,00 ","0,00 ","0,00 ","0,00 ","0,00 ","0,00 ","0,00 ","0,00 ","0,00 ","0,00 ","0,00 ","0,00 ","0,00 ","0,00 ","0,00 ","0,00 ","0,00 ","0,00 ","0,00 ","0,00 ","0,00 ","0,00 ","0,00 ","0,00 ","0,00 ","0,00 ","0,00 ","1.174.309,38 "
71.,51 ,OBČINA KOZJE,"0,00 ","0,00 ","0,00 ","0,00 ","0,00 ","0,00 ","0,00 ","0,00 ","0,00 ","0,00 ","0,00 ","0,00 ","0,00 ","0,00 ","0,00 ","0,00 ","0,00 ","0,00 ","0,00 ","0,00 ","0,00 ","0,00 ","0,00 ","0,00 ","0,00 ","0,00 ","0,00 ","0,00 ","0,00 ","0,00 ","0,00 ","0,00 ","5.568,67 ","0,00 ","0,00 ","0,00 ","0,00 ","0,00 ","0,00 ","0,00 ","5.568,67 ","0,00 ","5.568,67 ","16.078,96 ","16.078,96 ","9.637,68 ","6.441,28 ","0,00 ","0,00 ","0,00 ","0,00 ","0,00 ","0,00 ","0,00 ","0,00 ","0,00 ","0,00 ","0,00 ","0,00 ","0,00 ","0,00 ","0,00 ","0,00 ","0,00 ","0,00 ","0,00 ","0,00 ","0,00 ","0,00 ","0,00 ","0,00 ","0,00 ","0,00 ","0,00 ","0,00 ","0,00 ","31.912,77 ","31.912,77 ","0,00 ","31.912,77 ","0,00 ","0,00 ","0,00 ","0,00 ","0,00 ","0,00 ","0,00 ","0,00 ","0,00 ","0,00 ","0,00 ","0,00 ","0,00 ","0,00 ","0,00 ","0,00 ","0,00 ","0,00 ","0,00 ","0,00 ","667.057,77 ","0,00 ","0,00 ","667.057,77 ","13.506,50 ","653.551,27 ","0,00 ","0,00 ","0,00 ","0,00 ","0,00 ","0,00 ","0,00 ","328.259,90 ","59.026,02 ","11.428,02 ","0,00 ","47.598,00 ","101.678,37 ","40.845,60 ","47.375,72 ","0,00 ","0,00 ","13.457,05 ","106.366,01 ","0,00 ","106.366,01 ","0,00 ","61.189,50 ","29.182,42 ","32.007,08 ","11.951,33 ","11.951,33 ","11.951,33 ","0,00 ","0,00 ","0,00 ","0,00 ","0,00 ","0,00 ","0,00 ","0,00 ","0,00 ","41.528,55 ","0,00 ","0,00 ","0,00 ","8.988,70 ","0,00 ","0,00 ","0,00 ","0,00 ","8.988,70 ","0,00 ","0,00 ","0,00 ","0,00 ","0,00 ","0,00 ","32.539,85 ","32.539,85 ","0,00 ","9.167,73 ","0,00 ","0,00 ","0,00 ","0,00 ","0,00 ","0,00 ","0,00 ","0,00 ","0,00 ","0,00 ","0,00 ","0,00 ","0,00 ","0,00 ","9.167,73 ","9.167,73 ","0,00 ","0,00 ","0,00 ","0,00 ","0,00 ","0,00 ","0,00 ","0,00 ","0,00 ","0,00 ","0,00 ","0,00 ","0,00 ","0,00 ","0,00 ","0,00 ","0,00 ","0,00 ","0,00 ","13.581,81 ","13.581,81 ","0,00 ","13.581,81 ","0,00 ","0,00 ","1.125.107,49 "
72.,52 ,MESTNA OBČINA KRANJ,"4.107,11 ","4.107,11 ","4.107,11 ","0,00 ","0,00 ","0,00 ","0,00 ","0,00 ","0,00 ","0,00 ","0,00 ","0,00 ","0,00 ","0,00 ","0,00 ","0,00 ","0,00 ","0,00 ","0,00 ","70.000,00 ","0,00 ","0,00 ","0,00 ","0,00 ","0,00 ","70.000,00 ","0,00 ","0,00 ","70.000,00 ","0,00 ","0,00 ","0,00 ","825.039,95 ","0,00 ","0,00 ","0,00 ","0,00 ","0,00 ","0,00 ","0,00 ","825.039,95 ","15.711,99 ","809.327,96 ","18.419,49 ","18.419,49 ","18.419,49 ","0,00 ","3.896,42 ","3.896,42 ","3.896,42 ","0,00 ","0,00 ","0,00 ","0,00 ","15.278,40 ","15.278,40 ","0,00 ","15.278,40 ","0,00 ","0,00 ","0,00 ","0,00 ","0,00 ","0,00 ","0,00 ","0,00 ","0,00 ","11.347,79 ","0,00 ","0,00 ","0,00 ","0,00 ","11.347,79 ","11.347,79 ","0,00 ","0,00 ","5.128.676,96 ","5.128.676,96 ","0,00 ","3.526.921,48 ","1.212.392,38 ","389.363,10 ","0,00 ","0,00 ","0,00 ","0,00 ","0,00 ","0,00 ","0,00 ","0,00 ","0,00 ","0,00 ","13.645,50 ","0,00 ","0,00 ","0,00 ","0,00 ","13.645,50 ","0,00 ","13.645,50 ","389.924,92 ","0,00 ","0,00 ","389.924,92 ","0,00 ","389.924,92 ","0,00 ","0,00 ","0,00 ","0,00 ","0,00 ","0,00 ","0,00 ","1.613.151,36 ","0,00 ","0,00 ","0,00 ","0,00 ","914.684,37 ","300.359,49 ","341.906,72 ","108.496,12 ","0,00 ","163.922,04 ","0,00 ","0,00 ","0,00 ","0,00 ","698.466,99 ","348,00 ","698.118,99 ","0,00 ","0,00 ","0,00 ","0,00 ","0,00 ","0,00 ","0,00 ","0,00 ","0,00 ","0,00 ","0,00 ","0,00 ","4.690.055,88 ","3.065.130,48 ","3.065.130,48 ","0,00 ","33.179,37 ","0,00 ","0,00 ","0,00 ","0,00 ","33.179,37 ","0,00 ","0,00 ","0,00 ","0,00 ","0,00 ","0,00 ","1.591.746,03 ","1.591.746,03 ","0,00 ","2.118.491,76 ","285.011,38 ","285.011,38 ","0,00 ","1.833.480,38 ","1.833.480,38 ","0,00 ","0,00 ","0,00 ","0,00 ","0,00 ","0,00 ","0,00 ","0,00 ","0,00 ","0,00 ","0,00 ","0,00 ","0,00 ","0,00 ","0,00 ","0,00 ","0,00 ","0,00 ","0,00 ","0,00 ","0,00 ","0,00 ","0,00 ","0,00 ","0,00 ","0,00 ","0,00 ","0,00 ","0,00 ","0,00 ","0,00 ","0,00 ","0,00 ","0,00 ","0,00 ","0,00 ","14.902.035,54 "
73.,53 ,OBČINA KRANJSKA GORA,"0,00 ","0,00 ","0,00 ","0,00 ","0,00 ","0,00 ","0,00 ","0,00 ","0,00 ","0,00 ","0,00 ","0,00 ","0,00 ","0,00 ","0,00 ","0,00 ","0,00 ","0,00 ","0,00 ","16.877,84 ","0,00 ","0,00 ","5.315,14 ","5.315,14 ","0,00 ","11.562,70 ","0,00 ","0,00 ","11.562,70 ","0,00 ","0,00 ","0,00 ","109.315,07 ","6.775,20 ","0,00 ","0,00 ","6.775,20 ","0,00 ","0,00 ","0,00 ","102.539,87 ","0,00 ","102.539,87 ","0,00 ","0,00 ","0,00 ","0,00 ","0,00 ","0,00 ","0,00 ","0,00 ","0,00 ","0,00 ","0,00 ","0,00 ","0,00 ","0,00 ","0,00 ","0,00 ","0,00 ","0,00 ","0,00 ","0,00 ","0,00 ","0,00 ","0,00 ","0,00 ","0,00 ","0,00 ","0,00 ","0,00 ","0,00 ","0,00 ","0,00 ","0,00 ","0,00 ","1.206.602,58 ","1.206.602,58 ","95.048,23 ","1.060.199,14 ","21.829,31 ","29.525,90 ","0,00 ","0,00 ","0,00 ","0,00 ","0,00 ","0,00 ","0,00 ","0,00 ","0,00 ","0,00 ","30.250,32 ","0,00 ","0,00 ","0,00 ","0,00 ","30.250,32 ","0,00 ","30.250,32 ","129.710,89 ","0,00 ","0,00 ","129.710,89 ","30.697,28 ","99.013,61 ","0,00 ","0,00 ","0,00 ","0,00 ","0,00 ","0,00 ","0,00 ","243.196,72 ","0,00 ","0,00 ","0,00 ","0,00 ","11.866,42 ","0,00 ","0,00 ","11.866,42 ","0,00 ","0,00 ","146.909,92 ","0,00 ","146.909,92 ","0,00 ","84.420,38 ","84.420,38 ","0,00 ","0,00 ","0,00 ","0,00 ","0,00 ","0,00 ","0,00 ","0,00 ","0,00 ","0,00 ","0,00 ","0,00 ","0,00 ","1.321.772,35 ","0,00 ","0,00 ","0,00 ","1.321.772,35 ","0,00 ","0,00 ","0,00 ","0,00 ","1.321.772,35 ","0,00 ","0,00 ","0,00 ","0,00 ","0,00 ","0,00 ","0,00 ","0,00 ","0,00 ","31.996,07 ","2.164,79 ","2.164,79 ","0,00 ","29.831,28 ","29.831,28 ","0,00 ","0,00 ","0,00 ","0,00 ","0,00 ","0,00 ","0,00 ","0,00 ","0,00 ","0,00 ","0,00 ","0,00 ","0,00 ","0,00 ","0,00 ","0,00 ","0,00 ","0,00 ","0,00 ","0,00 ","0,00 ","0,00 ","0,00 ","0,00 ","0,00 ","0,00 ","0,00 ","0,00 ","0,00 ","0,00 ","0,00 ","0,00 ","0,00 ","0,00 ","0,00 ","0,00 ","3.089.721,84 "
74.,166 ,OBČINA KRIŽEVCI,"0,00 ","0,00 ","0,00 ","0,00 ","0,00 ","0,00 ","0,00 ","0,00 ","0,00 ","0,00 ","0,00 ","0,00 ","0,00 ","0,00 ","0,00 ","0,00 ","0,00 ","0,00 ","0,00 ","0,00 ","0,00 ","0,00 ","0,00 ","0,00 ","0,00 ","0,00 ","0,00 ","0,00 ","0,00 ","0,00 ","0,00 ","0,00 ","45.093,51 ","0,00 ","0,00 ","0,00 ","0,00 ","0,00 ","0,00 ","0,00 ","45.093,51 ","0,00 ","45.093,51 ","81.678,60 ","81.678,60 ","0,00 ","81.678,60 ","0,00 ","0,00 ","0,00 ","0,00 ","0,00 ","0,00 ","0,00 ","14.414,05 ","14.414,05 ","0,00 ","14.414,05 ","0,00 ","0,00 ","0,00 ","0,00 ","0,00 ","0,00 ","0,00 ","0,00 ","0,00 ","0,00 ","0,00 ","0,00 ","0,00 ","0,00 ","0,00 ","0,00 ","0,00 ","0,00 ","164.191,98 ","163.348,39 ","2.316,00 ","32.730,18 ","0,00 ","0,00 ","0,00 ","128.302,21 ","843,59 ","843,59 ","0,00 ","0,00 ","0,00 ","0,00 ","0,00 ","0,00 ","0,00 ","0,00 ","0,00 ","0,00 ","0,00 ","0,00 ","0,00 ","0,00 ","746.825,73 ","0,00 ","0,00 ","742.992,13 ","0,00 ","742.992,13 ","0,00 ","0,00 ","0,00 ","0,00 ","0,00 ","3.833,60 ","3.833,60 ","53.082,48 ","14.329,28 ","0,00 ","0,00 ","14.329,28 ","14.777,24 ","14.777,24 ","0,00 ","0,00 ","0,00 ","0,00 ","0,00 ","0,00 ","0,00 ","0,00 ","23.975,96 ","9.896,76 ","14.079,20 ","0,00 ","0,00 ","0,00 ","0,00 ","0,00 ","0,00 ","0,00 ","0,00 ","0,00 ","0,00 ","0,00 ","0,00 ","0,00 ","0,00 ","0,00 ","0,00 ","0,00 ","0,00 ","0,00 ","0,00 ","0,00 ","0,00 ","0,00 ","0,00 ","0,00 ","0,00 ","0,00 ","0,00 ","0,00 ","0,00 ","0,00 ","0,00 ","0,00 ","0,00 ","0,00 ","0,00 ","0,00 ","0,00 ","0,00 ","0,00 ","0,00 ","0,00 ","0,00 ","0,00 ","0,00 ","0,00 ","0,00 ","0,00 ","0,00 ","0,00 ","0,00 ","0,00 ","0,00 ","0,00 ","0,00 ","0,00 ","0,00 ","0,00 ","0,00 ","0,00 ","0,00 ","0,00 ","0,00 ","0,00 ","0,00 ","0,00 ","0,00 ","0,00 ","0,00 ","0,00 ","0,00 ","0,00 ","0,00 ","1.105.286,35 "
75.,54 ,OBČINA KRŠKO,"0,00 ","0,00 ","0,00 ","0,00 ","0,00 ","0,00 ","0,00 ","0,00 ","0,00 ","0,00 ","0,00 ","0,00 ","0,00 ","0,00 ","0,00 ","0,00 ","0,00 ","0,00 ","0,00 ","2.724.035,54 ","0,00 ","0,00 ","65.051,77 ","29.627,11 ","35.424,66 ","2.658.983,77 ","0,00 ","0,00 ","2.658.983,77 ","0,00 ","0,00 ","0,00 ","650.864,20 ","0,00 ","0,00 ","0,00 ","0,00 ","362.545,59 ","362.545,59 ","0,00 ","288.318,61 ","0,00 ","288.318,61 ","13.405,70 ","13.405,70 ","13.405,70 ","0,00 ","0,00 ","0,00 ","0,00 ","0,00 ","0,00 ","0,00 ","0,00 ","341.577,60 ","341.577,60 ","0,00 ","214.776,00 ","126.801,60 ","0,00 ","0,00 ","0,00 ","0,00 ","0,00 ","0,00 ","0,00 ","0,00 ","0,00 ","0,00 ","0,00 ","0,00 ","0,00 ","0,00 ","0,00 ","0,00 ","0,00 ","7.910.438,11 ","5.383.820,97 ","30.180,00 ","5.019.985,64 ","176.431,45 ","85.489,90 ","0,00 ","71.733,98 ","0,00 ","0,00 ","0,00 ","0,00 ","0,00 ","0,00 ","2.526.617,14 ","2.526.617,14 ","0,00 ","0,00 ","0,00 ","0,00 ","0,00 ","0,00 ","0,00 ","0,00 ","7.032.325,67 ","0,00 ","0,00 ","7.032.325,67 ","0,00 ","7.032.325,67 ","0,00 ","0,00 ","0,00 ","0,00 ","0,00 ","0,00 ","0,00 ","2.785.639,31 ","1.446,60 ","1.446,60 ","0,00 ","0,00 ","1.389.406,99 ","295.708,94 ","76.803,24 ","46.465,35 ","236,40 ","970.193,06 ","0,00 ","0,00 ","0,00 ","0,00 ","1.394.785,72 ","744.478,64 ","650.307,08 ","0,00 ","0,00 ","0,00 ","0,00 ","0,00 ","0,00 ","0,00 ","0,00 ","0,00 ","0,00 ","0,00 ","0,00 ","1.267.682,95 ","105.675,23 ","105.675,23 ","0,00 ","749.272,16 ","0,00 ","0,00 ","0,00 ","0,00 ","749.272,16 ","0,00 ","0,00 ","0,00 ","0,00 ","0,00 ","0,00 ","412.735,56 ","412.735,56 ","0,00 ","3.328.275,01 ","497.673,04 ","497.673,04 ","0,00 ","2.689.042,58 ","2.689.042,58 ","0,00 ","0,00 ","0,00 ","141.559,39 ","0,00 ","141.559,39 ","0,00 ","0,00 ","0,00 ","0,00 ","0,00 ","0,00 ","0,00 ","0,00 ","0,00 ","0,00 ","0,00 ","0,00 ","0,00 ","0,00 ","0,00 ","0,00 ","0,00 ","0,00 ","0,00 ","0,00 ","0,00 ","0,00 ","0,00 ","0,00 ","0,00 ","0,00 ","0,00 ","0,00 ","0,00 ","0,00 ","26.054.244,09 "
76.,55 ,OBČINA KUNGOTA,"0,00 ","0,00 ","0,00 ","0,00 ","0,00 ","0,00 ","0,00 ","0,00 ","0,00 ","0,00 ","0,00 ","0,00 ","0,00 ","0,00 ","0,00 ","0,00 ","0,00 ","0,00 ","0,00 ","0,00 ","0,00 ","0,00 ","0,00 ","0,00 ","0,00 ","0,00 ","0,00 ","0,00 ","0,00 ","0,00 ","0,00 ","0,00 ","969,96 ","0,00 ","0,00 ","0,00 ","0,00 ","0,00 ","0,00 ","0,00 ","969,96 ","0,00 ","969,96 ","0,00 ","0,00 ","0,00 ","0,00 ","0,00 ","0,00 ","0,00 ","0,00 ","0,00 ","0,00 ","0,00 ","5.081,81 ","0,00 ","0,00 ","0,00 ","0,00 ","0,00 ","0,00 ","0,00 ","0,00 ","5.081,81 ","5.081,81 ","0,00 ","0,00 ","0,00 ","0,00 ","0,00 ","0,00 ","0,00 ","0,00 ","0,00 ","0,00 ","0,00 ","464.783,38 ","464.783,38 ","0,00 ","454.670,28 ","0,00 ","10.113,10 ","0,00 ","0,00 ","0,00 ","0,00 ","0,00 ","0,00 ","0,00 ","0,00 ","0,00 ","0,00 ","0,00 ","0,00 ","0,00 ","0,00 ","0,00 ","0,00 ","0,00 ","0,00 ","108.709,56 ","0,00 ","0,00 ","108.709,56 ","0,00 ","108.709,56 ","0,00 ","0,00 ","0,00 ","0,00 ","0,00 ","0,00 ","0,00 ","267.952,20 ","0,00 ","0,00 ","0,00 ","0,00 ","255.097,07 ","245.856,70 ","7.132,04 ","2.108,33 ","0,00 ","0,00 ","0,00 ","0,00 ","0,00 ","0,00 ","12.855,13 ","0,00 ","12.855,13 ","0,00 ","0,00 ","0,00 ","0,00 ","0,00 ","0,00 ","0,00 ","0,00 ","0,00 ","0,00 ","0,00 ","0,00 ","0,00 ","0,00 ","0,00 ","0,00 ","0,00 ","0,00 ","0,00 ","0,00 ","0,00 ","0,00 ","0,00 ","0,00 ","0,00 ","0,00 ","0,00 ","0,00 ","0,00 ","0,00 ","0,00 ","739.219,66 ","0,00 ","0,00 ","0,00 ","739.219,66 ","739.219,66 ","0,00 ","0,00 ","0,00 ","0,00 ","0,00 ","0,00 ","0,00 ","0,00 ","0,00 ","0,00 ","0,00 ","0,00 ","0,00 ","0,00 ","0,00 ","0,00 ","0,00 ","0,00 ","0,00 ","0,00 ","0,00 ","0,00 ","0,00 ","0,00 ","0,00 ","0,00 ","0,00 ","0,00 ","0,00 ","0,00 ","0,00 ","0,00 ","0,00 ","0,00 ","0,00 ","0,00 ","1.586.716,57 "
77.,56 ,OBČINA KUZMA,"0,00 ","0,00 ","0,00 ","0,00 ","0,00 ","0,00 ","12.115,47 ","0,00 ","0,00 ","12.115,47 ","12.115,47 ","0,00 ","0,00 ","0,00 ","0,00 ","0,00 ","0,00 ","0,00 ","0,00 ","17.484,69 ","0,00 ","0,00 ","0,00 ","0,00 ","0,00 ","17.484,69 ","0,00 ","0,00 ","17.484,69 ","0,00 ","0,00 ","0,00 ","1.046,31 ","0,00 ","0,00 ","0,00 ","0,00 ","0,00 ","0,00 ","0,00 ","1.046,31 ","0,00 ","1.046,31 ","0,00 ","0,00 ","0,00 ","0,00 ","0,00 ","0,00 ","0,00 ","0,00 ","0,00 ","0,00 ","0,00 ","0,00 ","0,00 ","0,00 ","0,00 ","0,00 ","0,00 ","0,00 ","0,00 ","0,00 ","0,00 ","0,00 ","0,00 ","0,00 ","0,00 ","0,00 ","0,00 ","0,00 ","0,00 ","0,00 ","0,00 ","0,00 ","0,00 ","131.864,90 ","131.864,90 ","24.284,77 ","107.580,13 ","0,00 ","0,00 ","0,00 ","0,00 ","0,00 ","0,00 ","0,00 ","0,00 ","0,00 ","0,00 ","0,00 ","0,00 ","0,00 ","0,00 ","0,00 ","0,00 ","0,00 ","0,00 ","0,00 ","0,00 ","576,00 ","0,00 ","0,00 ","576,00 ","0,00 ","576,00 ","0,00 ","0,00 ","0,00 ","0,00 ","0,00 ","0,00 ","0,00 ","55.791,09 ","27.967,80 ","0,00 ","0,00 ","27.967,80 ","25.984,40 ","25.984,40 ","0,00 ","0,00 ","0,00 ","0,00 ","897,47 ","0,00 ","897,47 ","0,00 ","941,42 ","0,00 ","941,42 ","0,00 ","0,00 ","0,00 ","0,00 ","0,00 ","0,00 ","0,00 ","0,00 ","0,00 ","0,00 ","0,00 ","0,00 ","0,00 ","0,00 ","0,00 ","0,00 ","0,00 ","0,00 ","0,00 ","0,00 ","0,00 ","0,00 ","0,00 ","0,00 ","0,00 ","0,00 ","0,00 ","0,00 ","0,00 ","0,00 ","0,00 ","98.206,48 ","0,00 ","0,00 ","0,00 ","98.206,48 ","96.841,44 ","0,00 ","1.365,04 ","0,00 ","0,00 ","0,00 ","0,00 ","0,00 ","0,00 ","0,00 ","0,00 ","0,00 ","0,00 ","0,00 ","0,00 ","0,00 ","0,00 ","0,00 ","0,00 ","0,00 ","0,00 ","0,00 ","0,00 ","0,00 ","0,00 ","0,00 ","0,00 ","0,00 ","0,00 ","0,00 ","0,00 ","0,00 ","0,00 ","0,00 ","0,00 ","0,00 ","0,00 ","317.084,94 "
78.,57 ,OBČINA LAŠKO,"0,00 ","0,00 ","0,00 ","0,00 ","0,00 ","0,00 ","0,00 ","0,00 ","0,00 ","0,00 ","0,00 ","0,00 ","0,00 ","0,00 ","0,00 ","0,00 ","0,00 ","0,00 ","0,00 ","0,00 ","0,00 ","0,00 ","0,00 ","0,00 ","0,00 ","0,00 ","0,00 ","0,00 ","0,00 ","0,00 ","0,00 ","0,00 ","81.874,58 ","0,00 ","0,00 ","0,00 ","0,00 ","610,80 ","610,80 ","0,00 ","81.263,78 ","8.817,98 ","72.445,80 ","22.069,60 ","22.069,60 ","12.485,60 ","9.584,00 ","0,00 ","0,00 ","0,00 ","0,00 ","0,00 ","0,00 ","0,00 ","40.090,00 ","5.277,01 ","0,00 ","5.277,01 ","0,00 ","0,00 ","0,00 ","0,00 ","0,00 ","34.812,99 ","34.812,99 ","0,00 ","0,00 ","50.990,40 ","0,00 ","0,00 ","0,00 ","0,00 ","50.990,40 ","50.990,40 ","0,00 ","0,00 ","1.496.383,01 ","1.496.383,01 ","3.426,28 ","1.394.885,74 ","2.340,00 ","95.730,99 ","0,00 ","0,00 ","0,00 ","0,00 ","0,00 ","0,00 ","0,00 ","0,00 ","0,00 ","0,00 ","66.944,87 ","0,00 ","0,00 ","20.166,33 ","20.166,33 ","46.778,54 ","0,00 ","46.778,54 ","807.202,86 ","0,00 ","0,00 ","807.202,86 ","0,00 ","807.202,86 ","0,00 ","0,00 ","0,00 ","0,00 ","0,00 ","0,00 ","0,00 ","869.346,46 ","133.636,05 ","0,00 ","0,00 ","133.636,05 ","678.677,42 ","666.363,66 ","4.465,00 ","5.608,43 ","0,00 ","2.240,33 ","0,00 ","0,00 ","0,00 ","0,00 ","57.032,99 ","0,00 ","57.032,99 ","416.586,38 ","416.586,38 ","416.586,38 ","0,00 ","0,00 ","0,00 ","0,00 ","0,00 ","0,00 ","0,00 ","0,00 ","0,00 ","121.222,24 ","19.116,01 ","15.941,31 ","3.174,70 ","77.312,77 ","0,00 ","0,00 ","0,00 ","0,00 ","77.312,77 ","0,00 ","0,00 ","0,00 ","0,00 ","0,00 ","0,00 ","24.793,46 ","24.793,46 ","0,00 ","899.373,46 ","531.276,27 ","531.276,27 ","0,00 ","368.097,19 ","361.028,99 ","7.068,20 ","0,00 ","0,00 ","0,00 ","0,00 ","0,00 ","0,00 ","0,00 ","0,00 ","0,00 ","0,00 ","0,00 ","0,00 ","0,00 ","0,00 ","0,00 ","0,00 ","0,00 ","0,00 ","0,00 ","0,00 ","0,00 ","0,00 ","0,00 ","0,00 ","0,00 ","0,00 ","0,00 ","0,00 ","0,00 ","0,00 ","0,00 ","0,00 ","0,00 ","0,00 ","0,00 ","4.872.083,86 "
79.,58 ,OBČINA LENART,"0,00 ","0,00 ","0,00 ","0,00 ","0,00 ","0,00 ","0,00 ","0,00 ","0,00 ","0,00 ","0,00 ","0,00 ","0,00 ","0,00 ","0,00 ","0,00 ","0,00 ","0,00 ","0,00 ","25.548,70 ","0,00 ","0,00 ","0,00 ","0,00 ","0,00 ","25.548,70 ","0,00 ","0,00 ","25.548,70 ","0,00 ","0,00 ","0,00 ","19.171,22 ","0,00 ","0,00 ","0,00 ","0,00 ","0,00 ","0,00 ","0,00 ","19.171,22 ","0,00 ","19.171,22 ","0,00 ","0,00 ","0,00 ","0,00 ","0,00 ","0,00 ","0,00 ","0,00 ","0,00 ","0,00 ","0,00 ","0,00 ","0,00 ","0,00 ","0,00 ","0,00 ","0,00 ","0,00 ","0,00 ","0,00 ","0,00 ","0,00 ","0,00 ","0,00 ","0,00 ","0,00 ","0,00 ","0,00 ","0,00 ","0,00 ","0,00 ","0,00 ","0,00 ","1.761.939,03 ","1.761.939,03 ","0,00 ","1.688.623,09 ","40.191,30 ","33.124,64 ","0,00 ","0,00 ","0,00 ","0,00 ","0,00 ","0,00 ","0,00 ","0,00 ","0,00 ","0,00 ","3.779,64 ","0,00 ","0,00 ","0,00 ","0,00 ","3.779,64 ","0,00 ","3.779,64 ","52.760,60 ","0,00 ","0,00 ","52.760,60 ","0,00 ","52.760,60 ","0,00 ","0,00 ","0,00 ","0,00 ","0,00 ","0,00 ","0,00 ","2.135.339,00 ","74.270,16 ","19.906,84 ","4.015,72 ","50.347,60 ","291.729,90 ","117.914,40 ","17.528,40 ","156.287,10 ","0,00 ","0,00 ","295.487,80 ","0,00 ","295.487,80 ","0,00 ","1.473.851,14 ","1.119.807,83 ","354.043,31 ","0,00 ","0,00 ","0,00 ","0,00 ","0,00 ","0,00 ","0,00 ","0,00 ","0,00 ","0,00 ","0,00 ","0,00 ","118.602,72 ","11.300,80 ","11.300,80 ","0,00 ","69.489,28 ","0,00 ","0,00 ","0,00 ","0,00 ","69.489,28 ","0,00 ","0,00 ","0,00 ","0,00 ","0,00 ","0,00 ","37.812,64 ","37.812,64 ","0,00 ","1.117.320,51 ","97.977,38 ","97.977,38 ","0,00 ","1.019.343,13 ","888.693,85 ","130.649,28 ","0,00 ","0,00 ","0,00 ","0,00 ","0,00 ","0,00 ","0,00 ","0,00 ","0,00 ","0,00 ","0,00 ","0,00 ","0,00 ","0,00 ","0,00 ","0,00 ","0,00 ","0,00 ","0,00 ","0,00 ","0,00 ","0,00 ","0,00 ","0,00 ","0,00 ","0,00 ","0,00 ","0,00 ","0,00 ","0,00 ","0,00 ","0,00 ","0,00 ","0,00 ","0,00 ","5.234.461,42 "
80.,59 ,OBČINA LENDAVA,"290,78 ","290,78 ","0,00 ","0,00 ","290,78 ","0,00 ","0,00 ","0,00 ","0,00 ","0,00 ","0,00 ","0,00 ","0,00 ","0,00 ","0,00 ","0,00 ","0,00 ","0,00 ","0,00 ","2.616,00 ","0,00 ","0,00 ","0,00 ","0,00 ","0,00 ","2.616,00 ","2.616,00 ","0,00 ","0,00 ","0,00 ","0,00 ","0,00 ","122.885,71 ","0,00 ","0,00 ","0,00 ","0,00 ","109.579,95 ","109.579,95 ","0,00 ","13.305,76 ","923,98 ","12.381,78 ","10.547,27 ","10.547,27 ","10.547,27 ","0,00 ","0,00 ","0,00 ","0,00 ","0,00 ","0,00 ","0,00 ","0,00 ","1.116,00 ","1.116,00 ","0,00 ","1.116,00 ","0,00 ","0,00 ","0,00 ","0,00 ","0,00 ","0,00 ","0,00 ","0,00 ","0,00 ","0,00 ","0,00 ","0,00 ","0,00 ","0,00 ","0,00 ","0,00 ","0,00 ","0,00 ","535.377,33 ","535.377,33 ","0,00 ","432.330,03 ","25.298,88 ","77.748,42 ","0,00 ","0,00 ","0,00 ","0,00 ","0,00 ","0,00 ","0,00 ","0,00 ","0,00 ","0,00 ","1.802,30 ","0,00 ","0,00 ","0,00 ","0,00 ","1.802,30 ","0,00 ","1.802,30 ","365.625,69 ","0,00 ","0,00 ","365.625,69 ","239.287,89 ","126.337,80 ","0,00 ","0,00 ","0,00 ","0,00 ","0,00 ","0,00 ","0,00 ","107.390,51 ","67.752,77 ","0,00 ","0,00 ","67.752,77 ","22.450,74 ","17.620,74 ","0,00 ","0,00 ","0,00 ","4.830,00 ","0,00 ","0,00 ","0,00 ","0,00 ","17.187,00 ","0,00 ","17.187,00 ","0,00 ","0,00 ","0,00 ","0,00 ","0,00 ","0,00 ","0,00 ","0,00 ","0,00 ","0,00 ","0,00 ","0,00 ","2.052.856,44 ","1.051.345,59 ","1.051.345,59 ","0,00 ","12.637,45 ","0,00 ","0,00 ","0,00 ","0,00 ","12.637,45 ","0,00 ","14.728,66 ","0,00 ","0,00 ","0,00 ","14.728,66 ","974.144,74 ","974.144,74 ","0,00 ","744.106,41 ","0,00 ","0,00 ","0,00 ","744.106,41 ","744.106,41 ","0,00 ","0,00 ","0,00 ","0,00 ","0,00 ","0,00 ","0,00 ","0,00 ","0,00 ","0,00 ","0,00 ","0,00 ","0,00 ","0,00 ","0,00 ","0,00 ","0,00 ","0,00 ","0,00 ","0,00 ","0,00 ","0,00 ","0,00 ","0,00 ","0,00 ","0,00 ","0,00 ","0,00 ","0,00 ","0,00 ","0,00 ","0,00 ","0,00 ","0,00 ","0,00 ","0,00 ","3.944.614,44 "
81.,60 ,OBČINA LITIJA,"0,00 ","0,00 ","0,00 ","0,00 ","0,00 ","0,00 ","0,00 ","0,00 ","0,00 ","0,00 ","0,00 ","0,00 ","0,00 ","0,00 ","0,00 ","0,00 ","0,00 ","0,00 ","0,00 ","8.318,79 ","0,00 ","0,00 ","8.318,79 ","8.318,79 ","0,00 ","0,00 ","0,00 ","0,00 ","0,00 ","0,00 ","0,00 ","0,00 ","76.855,82 ","0,00 ","0,00 ","0,00 ","0,00 ","0,00 ","0,00 ","0,00 ","76.855,82 ","652,87 ","76.202,95 ","394,63 ","394,63 ","394,63 ","0,00 ","0,00 ","0,00 ","0,00 ","0,00 ","0,00 ","0,00 ","0,00 ","221.399,91 ","221.399,91 ","0,00 ","221.399,91 ","0,00 ","0,00 ","0,00 ","0,00 ","0,00 ","0,00 ","0,00 ","0,00 ","0,00 ","0,00 ","0,00 ","0,00 ","0,00 ","0,00 ","0,00 ","0,00 ","0,00 ","0,00 ","1.954.285,76 ","1.954.285,76 ","1.740,00 ","1.952.545,76 ","0,00 ","0,00 ","0,00 ","0,00 ","0,00 ","0,00 ","0,00 ","0,00 ","0,00 ","0,00 ","0,00 ","0,00 ","0,00 ","0,00 ","0,00 ","0,00 ","0,00 ","0,00 ","0,00 ","0,00 ","136.325,00 ","0,00 ","0,00 ","136.325,00 ","0,00 ","136.325,00 ","0,00 ","0,00 ","0,00 ","0,00 ","0,00 ","0,00 ","0,00 ","883.492,60 ","300,00 ","0,00 ","0,00 ","300,00 ","814.651,01 ","769.187,34 ","45.463,67 ","0,00 ","0,00 ","0,00 ","20.149,59 ","0,00 ","20.149,59 ","0,00 ","48.392,00 ","48.392,00 ","0,00 ","0,00 ","0,00 ","0,00 ","0,00 ","0,00 ","0,00 ","0,00 ","0,00 ","0,00 ","0,00 ","0,00 ","0,00 ","62.471,52 ","0,00 ","0,00 ","0,00 ","0,00 ","0,00 ","0,00 ","0,00 ","0,00 ","0,00 ","0,00 ","0,00 ","0,00 ","0,00 ","0,00 ","0,00 ","62.471,52 ","62.471,52 ","0,00 ","0,00 ","0,00 ","0,00 ","0,00 ","0,00 ","0,00 ","0,00 ","0,00 ","0,00 ","0,00 ","0,00 ","0,00 ","0,00 ","0,00 ","0,00 ","0,00 ","0,00 ","0,00 ","0,00 ","0,00 ","33.607,13 ","0,00 ","0,00 ","0,00 ","0,00 ","33.607,13 ","0,00 ","33.607,13 ","0,00 ","0,00 ","0,00 ","0,00 ","0,00 ","0,00 ","0,00 ","0,00 ","0,00 ","0,00 ","0,00 ","0,00 ","0,00 ","0,00 ","3.377.151,16 "
82.,61 ,MESTNA OBČINA LJUBLJANA,"13.031,30 ","13.031,30 ","13.031,30 ","0,00 ","0,00 ","0,00 ","0,00 ","0,00 ","0,00 ","0,00 ","0,00 ","0,00 ","0,00 ","0,00 ","0,00 ","0,00 ","0,00 ","0,00 ","0,00 ","3.900.674,15 ","0,00 ","0,00 ","1.088.735,80 ","1.088.735,80 ","0,00 ","2.811.938,35 ","0,00 ","0,00 ","2.811.938,35 ","0,00 ","0,00 ","0,00 ","2.677.895,52 ","0,00 ","0,00 ","0,00 ","0,00 ","665,59 ","665,59 ","0,00 ","2.677.229,93 ","0,00 ","2.677.229,93 ","146.883,82 ","146.883,82 ","146.883,82 ","0,00 ","0,00 ","0,00 ","0,00 ","0,00 ","0,00 ","0,00 ","0,00 ","0,00 ","0,00 ","0,00 ","0,00 ","0,00 ","0,00 ","0,00 ","0,00 ","0,00 ","0,00 ","0,00 ","0,00 ","0,00 ","0,00 ","0,00 ","0,00 ","0,00 ","0,00 ","0,00 ","0,00 ","0,00 ","0,00 ","11.611.741,16 ","11.611.741,16 ","0,00 ","6.933.422,54 ","4.678.318,62 ","0,00 ","0,00 ","0,00 ","0,00 ","0,00 ","0,00 ","0,00 ","0,00 ","0,00 ","0,00 ","0,00 ","0,00 ","0,00 ","0,00 ","0,00 ","0,00 ","0,00 ","0,00 ","0,00 ","9.763.159,24 ","0,00 ","0,00 ","9.763.159,24 ","7.510.761,17 ","2.236.282,07 ","16.116,00 ","0,00 ","0,00 ","0,00 ","0,00 ","0,00 ","0,00 ","30.735.511,24 ","0,00 ","0,00 ","0,00 ","0,00 ","2.107.391,47 ","10.206,00 ","824.993,61 ","0,00 ","0,00 ","1.272.191,86 ","0,00 ","0,00 ","0,00 ","0,00 ","28.628.119,77 ","5.255.807,76 ","23.372.312,01 ","0,00 ","0,00 ","0,00 ","0,00 ","0,00 ","0,00 ","0,00 ","0,00 ","0,00 ","0,00 ","0,00 ","0,00 ","4.665.997,16 ","289.511,93 ","289.511,93 ","0,00 ","4.360.594,15 ","0,00 ","0,00 ","0,00 ","0,00 ","4.360.594,15 ","0,00 ","0,00 ","0,00 ","0,00 ","0,00 ","0,00 ","15.891,08 ","0,00 ","15.891,08 ","2.792.151,11 ","61.839,76 ","61.839,76 ","0,00 ","2.730.311,35 ","2.730.311,35 ","0,00 ","0,00 ","0,00 ","0,00 ","0,00 ","0,00 ","0,00 ","0,00 ","0,00 ","0,00 ","0,00 ","0,00 ","0,00 ","0,00 ","0,00 ","0,00 ","0,00 ","0,00 ","0,00 ","0,00 ","0,00 ","0,00 ","0,00 ","0,00 ","0,00 ","0,00 ","0,00 ","0,00 ","0,00 ","0,00 ","0,00 ","0,00 ","0,00 ","0,00 ","0,00 ","0,00 ","66.307.044,70 "
83.,62 ,OBČINA LJUBNO,"0,00 ","0,00 ","0,00 ","0,00 ","0,00 ","0,00 ","0,00 ","0,00 ","0,00 ","0,00 ","0,00 ","0,00 ","0,00 ","0,00 ","0,00 ","0,00 ","0,00 ","0,00 ","0,00 ","0,00 ","0,00 ","0,00 ","0,00 ","0,00 ","0,00 ","0,00 ","0,00 ","0,00 ","0,00 ","0,00 ","0,00 ","0,00 ","6.298,00 ","0,00 ","0,00 ","0,00 ","0,00 ","0,00 ","0,00 ","0,00 ","6.298,00 ","6.298,00 ","0,00 ","54.803,00 ","54.803,00 ","1.302,00 ","53.501,00 ","0,00 ","0,00 ","0,00 ","0,00 ","0,00 ","0,00 ","0,00 ","16.987,00 ","5.000,00 ","5.000,00 ","0,00 ","0,00 ","0,00 ","0,00 ","0,00 ","0,00 ","11.987,00 ","11.987,00 ","0,00 ","0,00 ","0,00 ","0,00 ","0,00 ","0,00 ","0,00 ","0,00 ","0,00 ","0,00 ","0,00 ","332.223,00 ","332.223,00 ","0,00 ","321.167,00 ","0,00 ","11.056,00 ","0,00 ","0,00 ","0,00 ","0,00 ","0,00 ","0,00 ","0,00 ","0,00 ","0,00 ","0,00 ","2.913,00 ","0,00 ","0,00 ","0,00 ","0,00 ","2.913,00 ","0,00 ","2.913,00 ","13.373,00 ","0,00 ","0,00 ","6.516,00 ","0,00 ","6.516,00 ","0,00 ","6.857,00 ","6.857,00 ","0,00 ","0,00 ","0,00 ","0,00 ","103.766,00 ","24.861,00 ","0,00 ","0,00 ","24.861,00 ","72.901,00 ","72.901,00 ","0,00 ","0,00 ","0,00 ","0,00 ","3.449,00 ","0,00 ","0,00 ","3.449,00 ","2.555,00 ","2.555,00 ","0,00 ","7.141,00 ","7.141,00 ","7.141,00 ","0,00 ","0,00 ","0,00 ","0,00 ","0,00 ","0,00 ","0,00 ","0,00 ","0,00 ","81.373,00 ","0,00 ","0,00 ","0,00 ","44.500,00 ","0,00 ","0,00 ","0,00 ","0,00 ","44.500,00 ","0,00 ","0,00 ","0,00 ","0,00 ","0,00 ","0,00 ","36.873,00 ","36.873,00 ","0,00 ","15.900,00 ","0,00 ","0,00 ","0,00 ","15.900,00 ","15.900,00 ","0,00 ","0,00 ","0,00 ","0,00 ","0,00 ","0,00 ","0,00 ","0,00 ","0,00 ","0,00 ","0,00 ","0,00 ","0,00 ","0,00 ","0,00 ","0,00 ","0,00 ","0,00 ","0,00 ","0,00 ","0,00 ","0,00 ","0,00 ","0,00 ","0,00 ","0,00 ","0,00 ","0,00 ","0,00 ","0,00 ","0,00 ","0,00 ","0,00 ","0,00 ","0,00 ","0,00 ","634.777,00 "
84.,63 ,OBČINA LJUTOMER,"0,00 ","0,00 ","0,00 ","0,00 ","0,00 ","0,00 ","0,00 ","0,00 ","0,00 ","0,00 ","0,00 ","0,00 ","0,00 ","0,00 ","0,00 ","0,00 ","0,00 ","0,00 ","0,00 ","3.990,00 ","0,00 ","0,00 ","0,00 ","0,00 ","0,00 ","3.990,00 ","0,00 ","0,00 ","3.990,00 ","0,00 ","0,00 ","0,00 ","96.867,81 ","0,00 ","0,00 ","0,00 ","0,00 ","0,00 ","0,00 ","0,00 ","96.867,81 ","14.612,80 ","82.255,01 ","0,00 ","0,00 ","0,00 ","0,00 ","0,00 ","0,00 ","0,00 ","0,00 ","0,00 ","0,00 ","0,00 ","0,00 ","0,00 ","0,00 ","0,00 ","0,00 ","0,00 ","0,00 ","0,00 ","0,00 ","0,00 ","0,00 ","0,00 ","0,00 ","0,00 ","0,00 ","0,00 ","0,00 ","0,00 ","0,00 ","0,00 ","0,00 ","0,00 ","1.799.819,69 ","1.799.819,69 ","0,00 ","1.745.378,74 ","0,00 ","54.440,95 ","0,00 ","0,00 ","0,00 ","0,00 ","0,00 ","0,00 ","0,00 ","0,00 ","0,00 ","0,00 ","0,00 ","0,00 ","0,00 ","0,00 ","0,00 ","0,00 ","0,00 ","0,00 ","428.860,34 ","16.723,07 ","16.723,07 ","412.137,27 ","82.310,29 ","329.826,98 ","0,00 ","0,00 ","0,00 ","0,00 ","0,00 ","0,00 ","0,00 ","614.704,04 ","104.546,37 ","0,00 ","0,00 ","104.546,37 ","510.157,67 ","266.264,96 ","65.195,64 ","76.171,66 ","0,00 ","102.525,41 ","0,00 ","0,00 ","0,00 ","0,00 ","0,00 ","0,00 ","0,00 ","0,00 ","0,00 ","0,00 ","0,00 ","0,00 ","0,00 ","0,00 ","0,00 ","0,00 ","0,00 ","0,00 ","0,00 ","1.247.211,38 ","0,00 ","0,00 ","0,00 ","9.215,48 ","0,00 ","0,00 ","0,00 ","0,00 ","9.215,48 ","0,00 ","0,00 ","0,00 ","0,00 ","0,00 ","0,00 ","1.237.995,90 ","1.237.995,90 ","0,00 ","2.343.520,99 ","5.411,34 ","5.411,34 ","0,00 ","2.338.109,65 ","2.338.109,65 ","0,00 ","0,00 ","0,00 ","0,00 ","0,00 ","0,00 ","0,00 ","0,00 ","0,00 ","0,00 ","0,00 ","0,00 ","0,00 ","0,00 ","0,00 ","0,00 ","0,00 ","0,00 ","0,00 ","0,00 ","0,00 ","0,00 ","0,00 ","0,00 ","0,00 ","0,00 ","0,00 ","0,00 ","0,00 ","0,00 ","0,00 ","0,00 ","0,00 ","0,00 ","0,00 ","0,00 ","6.534.974,25 "
85.,64 ,OBČINA LOGATEC,"0,00 ","0,00 ","0,00 ","0,00 ","0,00 ","0,00 ","0,00 ","0,00 ","0,00 ","0,00 ","0,00 ","0,00 ","0,00 ","0,00 ","0,00 ","0,00 ","0,00 ","0,00 ","0,00 ","0,00 ","0,00 ","0,00 ","0,00 ","0,00 ","0,00 ","0,00 ","0,00 ","0,00 ","0,00 ","0,00 ","0,00 ","0,00 ","2.037.071,53 ","35.462,58 ","0,00 ","0,00 ","35.462,58 ","3.940,44 ","3.940,44 ","0,00 ","1.997.668,51 ","0,00 ","1.997.668,51 ","2.252,94 ","2.252,94 ","2.252,94 ","0,00 ","0,00 ","0,00 ","0,00 ","0,00 ","0,00 ","0,00 ","0,00 ","43.577,56 ","0,00 ","0,00 ","0,00 ","0,00 ","0,00 ","0,00 ","0,00 ","0,00 ","43.577,56 ","43.577,56 ","0,00 ","0,00 ","0,00 ","0,00 ","0,00 ","0,00 ","0,00 ","0,00 ","0,00 ","0,00 ","0,00 ","1.615.466,71 ","1.615.466,71 ","7.424,31 ","1.399.573,14 ","132.028,00 ","76.441,26 ","0,00 ","0,00 ","0,00 ","0,00 ","0,00 ","0,00 ","0,00 ","0,00 ","0,00 ","0,00 ","15.369,60 ","0,00 ","0,00 ","0,00 ","0,00 ","15.369,60 ","10.869,60 ","4.500,00 ","732.624,94 ","0,00 ","0,00 ","729.507,18 ","12.000,00 ","717.507,18 ","0,00 ","3.117,76 ","3.117,76 ","0,00 ","0,00 ","0,00 ","0,00 ","357.988,88 ","215.823,40 ","24.700,00 ","131.061,15 ","60.062,25 ","127.165,48 ","32.934,99 ","70.360,00 ","23.870,49 ","0,00 ","0,00 ","0,00 ","0,00 ","0,00 ","0,00 ","15.000,00 ","15.000,00 ","0,00 ","4.358,76 ","4.358,76 ","4.358,76 ","0,00 ","0,00 ","0,00 ","0,00 ","0,00 ","0,00 ","0,00 ","0,00 ","0,00 ","9.886,64 ","8.311,98 ","8.311,98 ","0,00 ","1.108,50 ","0,00 ","0,00 ","0,00 ","0,00 ","1.108,50 ","0,00 ","0,00 ","0,00 ","0,00 ","0,00 ","0,00 ","466,16 ","466,16 ","0,00 ","1.473.980,69 ","791.931,87 ","791.931,87 ","0,00 ","682.048,82 ","682.048,82 ","0,00 ","0,00 ","0,00 ","0,00 ","0,00 ","0,00 ","0,00 ","0,00 ","0,00 ","0,00 ","0,00 ","0,00 ","0,00 ","0,00 ","12.389,20 ","0,00 ","0,00 ","0,00 ","0,00 ","12.389,20 ","12.389,20 ","0,00 ","0,00 ","0,00 ","0,00 ","0,00 ","0,00 ","0,00 ","0,00 ","0,00 ","0,00 ","0,00 ","0,00 ","0,00 ","0,00 ","0,00 ","6.304.967,45 "
86.,208 ,OBČINA LOG-DRAGOMER,"0,00 ","0,00 ","0,00 ","0,00 ","0,00 ","0,00 ","0,00 ","0,00 ","0,00 ","0,00 ","0,00 ","0,00 ","0,00 ","0,00 ","0,00 ","0,00 ","0,00 ","0,00 ","0,00 ","0,00 ","0,00 ","0,00 ","0,00 ","0,00 ","0,00 ","0,00 ","0,00 ","0,00 ","0,00 ","0,00 ","0,00 ","0,00 ","5.753,39 ","0,00 ","0,00 ","0,00 ","0,00 ","0,00 ","0,00 ","0,00 ","5.753,39 ","0,00 ","5.753,39 ","11.257,04 ","11.257,04 ","0,00 ","11.257,04 ","0,00 ","0,00 ","0,00 ","0,00 ","0,00 ","0,00 ","0,00 ","5.632,21 ","0,00 ","0,00 ","0,00 ","0,00 ","0,00 ","0,00 ","0,00 ","0,00 ","5.632,21 ","5.632,21 ","0,00 ","0,00 ","0,00 ","0,00 ","0,00 ","0,00 ","0,00 ","0,00 ","0,00 ","0,00 ","0,00 ","96.885,66 ","96.885,66 ","0,00 ","86.062,52 ","826,31 ","8.871,22 ","0,00 ","1.125,61 ","0,00 ","0,00 ","0,00 ","0,00 ","0,00 ","0,00 ","0,00 ","0,00 ","0,00 ","0,00 ","0,00 ","0,00 ","0,00 ","0,00 ","0,00 ","0,00 ","53.621,70 ","0,00 ","0,00 ","38.132,55 ","0,00 ","37.540,80 ","591,75 ","15.489,15 ","15.489,15 ","0,00 ","0,00 ","0,00 ","0,00 ","157.221,26 ","14.238,18 ","0,00 ","0,00 ","14.238,18 ","26.414,71 ","17.666,71 ","0,00 ","0,00 ","0,00 ","8.748,00 ","0,00 ","0,00 ","0,00 ","0,00 ","116.568,37 ","116.568,37 ","0,00 ","0,00 ","0,00 ","0,00 ","0,00 ","0,00 ","0,00 ","0,00 ","0,00 ","0,00 ","0,00 ","0,00 ","0,00 ","56.325,68 ","0,00 ","0,00 ","0,00 ","0,00 ","0,00 ","0,00 ","0,00 ","0,00 ","0,00 ","0,00 ","0,00 ","0,00 ","0,00 ","0,00 ","0,00 ","56.325,68 ","56.325,68 ","0,00 ","5.020,00 ","5.020,00 ","5.020,00 ","0,00 ","0,00 ","0,00 ","0,00 ","0,00 ","0,00 ","0,00 ","0,00 ","0,00 ","0,00 ","0,00 ","0,00 ","0,00 ","0,00 ","0,00 ","0,00 ","0,00 ","0,00 ","0,00 ","0,00 ","0,00 ","0,00 ","0,00 ","0,00 ","0,00 ","0,00 ","0,00 ","0,00 ","0,00 ","0,00 ","0,00 ","0,00 ","0,00 ","0,00 ","0,00 ","0,00 ","0,00 ","0,00 ","0,00 ","391.716,94 "
87.,65 ,OBČINA LOŠKA DOLINA,"0,00 ","0,00 ","0,00 ","0,00 ","0,00 ","0,00 ","0,00 ","0,00 ","0,00 ","0,00 ","0,00 ","0,00 ","0,00 ","0,00 ","0,00 ","0,00 ","0,00 ","0,00 ","0,00 ","0,00 ","0,00 ","0,00 ","0,00 ","0,00 ","0,00 ","0,00 ","0,00 ","0,00 ","0,00 ","0,00 ","0,00 ","0,00 ","1.452,69 ","0,00 ","0,00 ","0,00 ","0,00 ","0,00 ","0,00 ","0,00 ","1.452,69 ","0,00 ","1.452,69 ","0,00 ","0,00 ","0,00 ","0,00 ","0,00 ","0,00 ","0,00 ","0,00 ","0,00 ","0,00 ","0,00 ","0,00 ","0,00 ","0,00 ","0,00 ","0,00 ","0,00 ","0,00 ","0,00 ","0,00 ","0,00 ","0,00 ","0,00 ","0,00 ","0,00 ","0,00 ","0,00 ","0,00 ","0,00 ","0,00 ","0,00 ","0,00 ","0,00 ","417.970,02 ","417.970,02 ","0,00 ","180.272,23 ","0,00 ","59.245,72 ","0,00 ","178.452,07 ","0,00 ","0,00 ","0,00 ","0,00 ","0,00 ","0,00 ","0,00 ","0,00 ","0,00 ","0,00 ","0,00 ","0,00 ","0,00 ","0,00 ","0,00 ","0,00 ","1.015.102,74 ","0,00 ","0,00 ","1.015.102,74 ","4.000,01 ","1.011.102,73 ","0,00 ","0,00 ","0,00 ","0,00 ","0,00 ","0,00 ","0,00 ","93.337,67 ","0,00 ","0,00 ","0,00 ","0,00 ","91.818,98 ","91.818,98 ","0,00 ","0,00 ","0,00 ","0,00 ","0,00 ","0,00 ","0,00 ","0,00 ","1.518,69 ","0,00 ","1.518,69 ","0,00 ","0,00 ","0,00 ","0,00 ","0,00 ","0,00 ","0,00 ","0,00 ","0,00 ","0,00 ","0,00 ","0,00 ","0,00 ","0,00 ","0,00 ","0,00 ","0,00 ","0,00 ","0,00 ","0,00 ","0,00 ","0,00 ","0,00 ","0,00 ","0,00 ","0,00 ","0,00 ","0,00 ","0,00 ","0,00 ","0,00 ","263.529,21 ","210.207,28 ","210.207,28 ","0,00 ","53.321,93 ","53.321,93 ","0,00 ","0,00 ","0,00 ","0,00 ","0,00 ","0,00 ","0,00 ","0,00 ","0,00 ","0,00 ","0,00 ","0,00 ","0,00 ","0,00 ","0,00 ","0,00 ","0,00 ","0,00 ","0,00 ","0,00 ","0,00 ","0,00 ","0,00 ","0,00 ","0,00 ","0,00 ","0,00 ","0,00 ","0,00 ","0,00 ","0,00 ","0,00 ","0,00 ","0,00 ","0,00 ","0,00 ","1.791.392,33 "
88.,66 ,OBČINA LOŠKI POTOK,"0,00 ","0,00 ","0,00 ","0,00 ","0,00 ","0,00 ","0,00 ","0,00 ","0,00 ","0,00 ","0,00 ","0,00 ","0,00 ","0,00 ","0,00 ","0,00 ","0,00 ","0,00 ","0,00 ","0,00 ","0,00 ","0,00 ","0,00 ","0,00 ","0,00 ","0,00 ","0,00 ","0,00 ","0,00 ","0,00 ","0,00 ","0,00 ","16.780,00 ","0,00 ","0,00 ","0,00 ","0,00 ","0,00 ","0,00 ","0,00 ","16.780,00 ","0,00 ","16.780,00 ","0,00 ","0,00 ","0,00 ","0,00 ","0,00 ","0,00 ","0,00 ","0,00 ","0,00 ","0,00 ","0,00 ","0,00 ","0,00 ","0,00 ","0,00 ","0,00 ","0,00 ","0,00 ","0,00 ","0,00 ","0,00 ","0,00 ","0,00 ","0,00 ","0,00 ","0,00 ","0,00 ","0,00 ","0,00 ","0,00 ","0,00 ","0,00 ","0,00 ","709.590,44 ","529.815,86 ","0,00 ","528.975,86 ","0,00 ","840,00 ","0,00 ","0,00 ","0,00 ","0,00 ","0,00 ","0,00 ","0,00 ","0,00 ","179.774,58 ","179.774,58 ","0,00 ","0,00 ","0,00 ","0,00 ","0,00 ","0,00 ","0,00 ","0,00 ","52.169,11 ","0,00 ","0,00 ","52.169,11 ","0,00 ","52.169,11 ","0,00 ","0,00 ","0,00 ","0,00 ","0,00 ","0,00 ","0,00 ","60.363,21 ","10.200,00 ","0,00 ","0,00 ","10.200,00 ","2.580,00 ","0,00 ","0,00 ","2.580,00 ","0,00 ","0,00 ","26.064,72 ","0,00 ","26.064,72 ","0,00 ","21.518,49 ","0,00 ","21.518,49 ","128.990,78 ","128.990,78 ","128.990,78 ","0,00 ","0,00 ","0,00 ","0,00 ","0,00 ","0,00 ","0,00 ","0,00 ","0,00 ","0,00 ","0,00 ","0,00 ","0,00 ","0,00 ","0,00 ","0,00 ","0,00 ","0,00 ","0,00 ","0,00 ","0,00 ","0,00 ","0,00 ","0,00 ","0,00 ","0,00 ","0,00 ","0,00 ","0,00 ","0,00 ","0,00 ","0,00 ","0,00 ","0,00 ","0,00 ","0,00 ","0,00 ","0,00 ","0,00 ","0,00 ","0,00 ","0,00 ","0,00 ","0,00 ","0,00 ","0,00 ","0,00 ","0,00 ","922.997,85 ","0,00 ","0,00 ","0,00 ","0,00 ","922.997,85 ","0,00 ","0,00 ","922.997,85 ","0,00 ","0,00 ","0,00 ","0,00 ","0,00 ","0,00 ","0,00 ","0,00 ","0,00 ","0,00 ","0,00 ","0,00 ","0,00 ","1.890.891,39 "
89.,167 ,OBČINA LOVRENC NA POHORJU,"0,00 ","0,00 ","0,00 ","0,00 ","0,00 ","0,00 ","0,00 ","0,00 ","0,00 ","0,00 ","0,00 ","0,00 ","0,00 ","0,00 ","0,00 ","0,00 ","0,00 ","0,00 ","0,00 ","0,00 ","0,00 ","0,00 ","0,00 ","0,00 ","0,00 ","0,00 ","0,00 ","0,00 ","0,00 ","0,00 ","0,00 ","0,00 ","12.035,07 ","0,00 ","0,00 ","0,00 ","0,00 ","0,00 ","0,00 ","0,00 ","12.035,07 ","0,00 ","12.035,07 ","0,00 ","0,00 ","0,00 ","0,00 ","0,00 ","0,00 ","0,00 ","0,00 ","0,00 ","0,00 ","0,00 ","0,00 ","0,00 ","0,00 ","0,00 ","0,00 ","0,00 ","0,00 ","0,00 ","0,00 ","0,00 ","0,00 ","0,00 ","0,00 ","0,00 ","0,00 ","0,00 ","0,00 ","0,00 ","0,00 ","0,00 ","0,00 ","0,00 ","260.147,24 ","260.147,24 ","0,00 ","184.707,41 ","75.439,83 ","0,00 ","0,00 ","0,00 ","0,00 ","0,00 ","0,00 ","0,00 ","0,00 ","0,00 ","0,00 ","0,00 ","0,00 ","0,00 ","0,00 ","0,00 ","0,00 ","0,00 ","0,00 ","0,00 ","23.742,17 ","0,00 ","0,00 ","23.742,17 ","0,00 ","23.742,17 ","0,00 ","0,00 ","0,00 ","0,00 ","0,00 ","0,00 ","0,00 ","32.316,60 ","0,00 ","0,00 ","0,00 ","0,00 ","32.316,60 ","26.380,57 ","5.936,03 ","0,00 ","0,00 ","0,00 ","0,00 ","0,00 ","0,00 ","0,00 ","0,00 ","0,00 ","0,00 ","2.101,67 ","2.101,67 ","2.101,67 ","0,00 ","0,00 ","0,00 ","0,00 ","0,00 ","0,00 ","0,00 ","0,00 ","0,00 ","45.794,45 ","42.206,28 ","42.206,28 ","0,00 ","2.422,10 ","0,00 ","0,00 ","0,00 ","0,00 ","2.422,10 ","0,00 ","0,00 ","0,00 ","0,00 ","0,00 ","0,00 ","1.166,07 ","1.166,07 ","0,00 ","1.272.429,26 ","0,00 ","0,00 ","0,00 ","1.272.429,26 ","1.272.429,26 ","0,00 ","0,00 ","0,00 ","0,00 ","0,00 ","0,00 ","0,00 ","0,00 ","0,00 ","0,00 ","0,00 ","0,00 ","0,00 ","0,00 ","0,00 ","0,00 ","0,00 ","0,00 ","0,00 ","0,00 ","0,00 ","0,00 ","0,00 ","0,00 ","0,00 ","0,00 ","0,00 ","0,00 ","0,00 ","0,00 ","0,00 ","0,00 ","0,00 ","0,00 ","0,00 ","0,00 ","1.648.566,46 "
90.,67 ,OBČINA LUČE,"0,00 ","0,00 ","0,00 ","0,00 ","0,00 ","0,00 ","0,00 ","0,00 ","0,00 ","0,00 ","0,00 ","0,00 ","0,00 ","0,00 ","0,00 ","0,00 ","0,00 ","0,00 ","0,00 ","3.558,68 ","0,00 ","0,00 ","3.558,68 ","3.558,68 ","0,00 ","0,00 ","0,00 ","0,00 ","0,00 ","0,00 ","0,00 ","0,00 ","2.105,59 ","0,00 ","0,00 ","0,00 ","0,00 ","0,00 ","0,00 ","0,00 ","2.105,59 ","2.105,59 ","0,00 ","0,00 ","0,00 ","0,00 ","0,00 ","0,00 ","0,00 ","0,00 ","0,00 ","0,00 ","0,00 ","0,00 ","0,00 ","0,00 ","0,00 ","0,00 ","0,00 ","0,00 ","0,00 ","0,00 ","0,00 ","0,00 ","0,00 ","0,00 ","0,00 ","0,00 ","0,00 ","0,00 ","0,00 ","0,00 ","0,00 ","0,00 ","0,00 ","0,00 ","1.244.537,04 ","1.244.537,04 ","0,00 ","849.803,11 ","359.908,86 ","34.825,07 ","0,00 ","0,00 ","0,00 ","0,00 ","0,00 ","0,00 ","0,00 ","0,00 ","0,00 ","0,00 ","41.760,54 ","0,00 ","0,00 ","0,00 ","0,00 ","41.760,54 ","0,00 ","41.760,54 ","22.745,45 ","0,00 ","0,00 ","22.745,45 ","0,00 ","22.745,45 ","0,00 ","0,00 ","0,00 ","0,00 ","0,00 ","0,00 ","0,00 ","218.386,33 ","66.331,48 ","0,00 ","0,00 ","66.331,48 ","148.665,85 ","53.013,60 ","804,00 ","0,00 ","0,00 ","94.848,25 ","0,00 ","0,00 ","0,00 ","0,00 ","3.389,00 ","0,00 ","3.389,00 ","0,00 ","0,00 ","0,00 ","0,00 ","0,00 ","0,00 ","0,00 ","0,00 ","0,00 ","0,00 ","0,00 ","0,00 ","0,00 ","0,00 ","0,00 ","0,00 ","0,00 ","0,00 ","0,00 ","0,00 ","0,00 ","0,00 ","0,00 ","0,00 ","0,00 ","0,00 ","0,00 ","0,00 ","0,00 ","0,00 ","0,00 ","2.000,00 ","0,00 ","0,00 ","0,00 ","2.000,00 ","2.000,00 ","0,00 ","0,00 ","0,00 ","0,00 ","0,00 ","0,00 ","0,00 ","0,00 ","0,00 ","0,00 ","0,00 ","0,00 ","0,00 ","0,00 ","0,00 ","0,00 ","0,00 ","0,00 ","0,00 ","0,00 ","0,00 ","0,00 ","0,00 ","0,00 ","0,00 ","0,00 ","0,00 ","0,00 ","0,00 ","0,00 ","0,00 ","0,00 ","0,00 ","0,00 ","0,00 ","0,00 ","1.535.093,63 "
91.,68 ,OBČINA LUKOVICA,"0,00 ","0,00 ","0,00 ","0,00 ","0,00 ","0,00 ","0,00 ","0,00 ","0,00 ","0,00 ","0,00 ","0,00 ","0,00 ","0,00 ","0,00 ","0,00 ","0,00 ","0,00 ","0,00 ","0,00 ","0,00 ","0,00 ","0,00 ","0,00 ","0,00 ","0,00 ","0,00 ","0,00 ","0,00 ","0,00 ","0,00 ","0,00 ","15.727,26 ","0,00 ","0,00 ","0,00 ","0,00 ","0,00 ","0,00 ","0,00 ","15.727,26 ","0,00 ","15.727,26 ","0,00 ","0,00 ","0,00 ","0,00 ","0,00 ","0,00 ","0,00 ","0,00 ","0,00 ","0,00 ","0,00 ","0,00 ","0,00 ","0,00 ","0,00 ","0,00 ","0,00 ","0,00 ","0,00 ","0,00 ","0,00 ","0,00 ","0,00 ","0,00 ","0,00 ","0,00 ","0,00 ","0,00 ","0,00 ","0,00 ","0,00 ","0,00 ","0,00 ","96.999,07 ","96.999,07 ","0,00 ","57.317,44 ","7.065,00 ","32.616,63 ","0,00 ","0,00 ","0,00 ","0,00 ","0,00 ","0,00 ","0,00 ","0,00 ","0,00 ","0,00 ","0,00 ","0,00 ","0,00 ","0,00 ","0,00 ","0,00 ","0,00 ","0,00 ","454.360,39 ","0,00 ","0,00 ","445.066,25 ","0,00 ","445.066,25 ","0,00 ","9.294,14 ","9.294,14 ","0,00 ","0,00 ","0,00 ","0,00 ","298.388,78 ","56.408,79 ","0,00 ","0,00 ","56.408,79 ","241.979,99 ","14.138,88 ","227.397,11 ","0,00 ","0,00 ","444,00 ","0,00 ","0,00 ","0,00 ","0,00 ","0,00 ","0,00 ","0,00 ","0,00 ","0,00 ","0,00 ","0,00 ","0,00 ","0,00 ","0,00 ","0,00 ","0,00 ","0,00 ","0,00 ","0,00 ","6.948,10 ","0,00 ","0,00 ","0,00 ","645,60 ","0,00 ","0,00 ","0,00 ","645,60 ","0,00 ","0,00 ","0,00 ","0,00 ","0,00 ","0,00 ","0,00 ","6.302,50 ","6.302,50 ","0,00 ","11.403,40 ","7.083,40 ","7.083,40 ","0,00 ","4.320,00 ","4.320,00 ","0,00 ","0,00 ","0,00 ","0,00 ","0,00 ","0,00 ","0,00 ","0,00 ","0,00 ","0,00 ","0,00 ","0,00 ","0,00 ","0,00 ","0,00 ","0,00 ","0,00 ","0,00 ","0,00 ","0,00 ","0,00 ","0,00 ","0,00 ","0,00 ","0,00 ","0,00 ","0,00 ","0,00 ","0,00 ","0,00 ","0,00 ","0,00 ","0,00 ","0,00 ","0,00 ","0,00 ","883.827,00 "
92.,69 ,OBČINA MAJŠPERK,"0,00 ","0,00 ","0,00 ","0,00 ","0,00 ","0,00 ","0,00 ","0,00 ","0,00 ","0,00 ","0,00 ","0,00 ","0,00 ","0,00 ","0,00 ","0,00 ","0,00 ","0,00 ","0,00 ","0,00 ","0,00 ","0,00 ","0,00 ","0,00 ","0,00 ","0,00 ","0,00 ","0,00 ","0,00 ","0,00 ","0,00 ","0,00 ","34.819,23 ","0,00 ","0,00 ","0,00 ","0,00 ","0,00 ","0,00 ","0,00 ","34.819,23 ","0,00 ","34.819,23 ","0,00 ","0,00 ","0,00 ","0,00 ","0,00 ","0,00 ","0,00 ","0,00 ","0,00 ","0,00 ","0,00 ","0,00 ","0,00 ","0,00 ","0,00 ","0,00 ","0,00 ","0,00 ","0,00 ","0,00 ","0,00 ","0,00 ","0,00 ","0,00 ","0,00 ","0,00 ","0,00 ","0,00 ","0,00 ","0,00 ","0,00 ","0,00 ","0,00 ","643.932,55 ","643.932,55 ","0,00 ","611.033,12 ","17.239,33 ","15.660,10 ","0,00 ","0,00 ","0,00 ","0,00 ","0,00 ","0,00 ","0,00 ","0,00 ","0,00 ","0,00 ","46.738,68 ","0,00 ","0,00 ","46.738,68 ","46.738,68 ","0,00 ","0,00 ","0,00 ","863.714,91 ","0,00 ","0,00 ","863.714,91 ","3.108,38 ","860.606,53 ","0,00 ","0,00 ","0,00 ","0,00 ","0,00 ","0,00 ","0,00 ","506.227,81 ","0,00 ","0,00 ","0,00 ","0,00 ","503.570,69 ","488.547,95 ","3.880,80 ","0,00 ","0,00 ","11.141,94 ","2.657,12 ","0,00 ","0,00 ","2.657,12 ","0,00 ","0,00 ","0,00 ","0,00 ","0,00 ","0,00 ","0,00 ","0,00 ","0,00 ","0,00 ","0,00 ","0,00 ","0,00 ","0,00 ","0,00 ","121.118,41 ","12.374,76 ","12.374,76 ","0,00 ","95.020,65 ","0,00 ","0,00 ","6.887,31 ","0,00 ","88.133,34 ","0,00 ","0,00 ","0,00 ","0,00 ","0,00 ","0,00 ","13.723,00 ","13.723,00 ","0,00 ","52.485,36 ","26.424,00 ","26.424,00 ","0,00 ","26.061,36 ","26.061,36 ","0,00 ","0,00 ","0,00 ","0,00 ","0,00 ","0,00 ","0,00 ","0,00 ","0,00 ","0,00 ","0,00 ","0,00 ","0,00 ","0,00 ","0,00 ","0,00 ","0,00 ","0,00 ","0,00 ","0,00 ","0,00 ","0,00 ","0,00 ","0,00 ","0,00 ","0,00 ","0,00 ","0,00 ","0,00 ","0,00 ","0,00 ","0,00 ","0,00 ","0,00 ","0,00 ","0,00 ","2.269.036,95 "
93.,198 ,OBČINA MAKOLE,"0,00 ","0,00 ","0,00 ","0,00 ","0,00 ","0,00 ","0,00 ","0,00 ","0,00 ","0,00 ","0,00 ","0,00 ","0,00 ","0,00 ","0,00 ","0,00 ","0,00 ","0,00 ","0,00 ","0,00 ","0,00 ","0,00 ","0,00 ","0,00 ","0,00 ","0,00 ","0,00 ","0,00 ","0,00 ","0,00 ","0,00 ","0,00 ","3.847,29 ","0,00 ","0,00 ","0,00 ","0,00 ","0,00 ","0,00 ","0,00 ","3.847,29 ","0,00 ","3.847,29 ","2.820,72 ","2.820,72 ","1.764,72 ","1.056,00 ","0,00 ","0,00 ","0,00 ","0,00 ","0,00 ","0,00 ","0,00 ","0,00 ","0,00 ","0,00 ","0,00 ","0,00 ","0,00 ","0,00 ","0,00 ","0,00 ","0,00 ","0,00 ","0,00 ","0,00 ","0,00 ","0,00 ","0,00 ","0,00 ","0,00 ","0,00 ","0,00 ","0,00 ","0,00 ","279.654,18 ","279.654,18 ","0,00 ","254.158,89 ","103,25 ","25.392,04 ","0,00 ","0,00 ","0,00 ","0,00 ","0,00 ","0,00 ","0,00 ","0,00 ","0,00 ","0,00 ","0,00 ","0,00 ","0,00 ","0,00 ","0,00 ","0,00 ","0,00 ","0,00 ","36.870,61 ","0,00 ","0,00 ","36.870,61 ","0,00 ","36.870,61 ","0,00 ","0,00 ","0,00 ","0,00 ","0,00 ","0,00 ","0,00 ","123.869,35 ","30.841,94 ","1.324,74 ","0,00 ","29.517,20 ","58.190,07 ","57.642,26 ","547,81 ","0,00 ","0,00 ","0,00 ","1.265,10 ","0,00 ","1.265,10 ","0,00 ","33.572,24 ","0,00 ","33.572,24 ","3.547,20 ","3.547,20 ","3.547,20 ","0,00 ","0,00 ","0,00 ","0,00 ","0,00 ","0,00 ","0,00 ","0,00 ","0,00 ","42.307,83 ","3.772,45 ","3.772,45 ","0,00 ","30.075,60 ","0,00 ","0,00 ","0,00 ","0,00 ","30.075,60 ","0,00 ","0,00 ","0,00 ","0,00 ","0,00 ","0,00 ","8.459,78 ","8.459,78 ","0,00 ","998.171,37 ","0,00 ","0,00 ","0,00 ","998.171,37 ","998.171,37 ","0,00 ","0,00 ","0,00 ","0,00 ","0,00 ","0,00 ","0,00 ","0,00 ","0,00 ","0,00 ","0,00 ","0,00 ","0,00 ","0,00 ","0,00 ","0,00 ","0,00 ","0,00 ","0,00 ","0,00 ","0,00 ","0,00 ","0,00 ","0,00 ","0,00 ","0,00 ","0,00 ","0,00 ","0,00 ","0,00 ","5.000,00 ","5.000,00 ","0,00 ","5.000,00 ","0,00 ","0,00 ","1.496.088,55 "
94.,70 ,MESTNA OBČINA MARIBOR,"15.029,63 ","15.029,63 ","15.029,63 ","0,00 ","0,00 ","0,00 ","0,00 ","0,00 ","0,00 ","0,00 ","0,00 ","0,00 ","0,00 ","2.280,00 ","2.280,00 ","0,00 ","2.280,00 ","0,00 ","0,00 ","4.413.306,15 ","0,00 ","0,00 ","809.325,97 ","377.531,18 ","431.794,79 ","3.603.980,18 ","18.926,56 ","0,00 ","3.585.053,62 ","0,00 ","0,00 ","0,00 ","2.347.496,67 ","17.840,83 ","0,00 ","0,00 ","17.840,83 ","97.362,94 ","97.362,94 ","0,00 ","2.232.292,90 ","99.953,62 ","2.132.339,28 ","49.772,70 ","49.772,70 ","49.772,70 ","0,00 ","219,44 ","219,44 ","219,44 ","0,00 ","0,00 ","0,00 ","0,00 ","625.179,78 ","0,00 ","0,00 ","0,00 ","0,00 ","0,00 ","625.179,78 ","0,00 ","625.179,78 ","0,00 ","0,00 ","0,00 ","0,00 ","125.978,62 ","0,00 ","0,00 ","119.158,83 ","119.158,83 ","0,00 ","0,00 ","6.819,79 ","6.819,79 ","7.516.633,61 ","7.344.061,31 ","356.458,72 ","5.732.499,42 ","361.217,44 ","184.919,41 ","0,00 ","708.966,32 ","0,00 ","0,00 ","0,00 ","0,00 ","172.572,30 ","172.572,30 ","0,00 ","0,00 ","0,00 ","0,00 ","0,00 ","0,00 ","0,00 ","0,00 ","0,00 ","0,00 ","230.356,33 ","0,00 ","0,00 ","230.356,33 ","0,00 ","230.356,33 ","0,00 ","0,00 ","0,00 ","0,00 ","0,00 ","0,00 ","0,00 ","13.718.641,61 ","0,00 ","0,00 ","0,00 ","0,00 ","523.201,92 ","12.108,72 ","180.634,22 ","249.822,15 ","75.244,80 ","5.392,03 ","0,00 ","0,00 ","0,00 ","0,00 ","13.195.439,69 ","465.779,00 ","12.729.660,69 ","0,00 ","0,00 ","0,00 ","0,00 ","0,00 ","0,00 ","0,00 ","0,00 ","0,00 ","0,00 ","0,00 ","0,00 ","2.863.140,83 ","13.620,24 ","13.620,24 ","0,00 ","2.454.821,21 ","0,00 ","0,00 ","0,00 ","0,00 ","2.393.981,21 ","60.840,00 ","0,00 ","0,00 ","0,00 ","0,00 ","0,00 ","394.699,38 ","394.699,38 ","0,00 ","8.384,33 ","3.000,00 ","3.000,00 ","0,00 ","5.384,33 ","5.384,33 ","0,00 ","0,00 ","0,00 ","0,00 ","0,00 ","0,00 ","0,00 ","0,00 ","0,00 ","0,00 ","0,00 ","0,00 ","0,00 ","0,00 ","13.207,15 ","0,00 ","0,00 ","13.207,15 ","13.207,15 ","0,00 ","0,00 ","0,00 ","0,00 ","0,00 ","0,00 ","0,00 ","0,00 ","0,00 ","0,00 ","0,00 ","0,00 ","0,00 ","0,00 ","0,00 ","0,00 ","0,00 ","31.929.626,85 "
95.,168 ,OBČINA MARKOVCI,"0,00 ","0,00 ","0,00 ","0,00 ","0,00 ","0,00 ","0,00 ","0,00 ","0,00 ","0,00 ","0,00 ","0,00 ","0,00 ","0,00 ","0,00 ","0,00 ","0,00 ","0,00 ","0,00 ","0,00 ","0,00 ","0,00 ","0,00 ","0,00 ","0,00 ","0,00 ","0,00 ","0,00 ","0,00 ","0,00 ","0,00 ","0,00 ","19.147,75 ","0,00 ","0,00 ","0,00 ","0,00 ","1.924,72 ","1.924,72 ","0,00 ","17.223,03 ","0,00 ","17.223,03 ","5.384,93 ","5.384,93 ","1.784,93 ","3.600,00 ","0,00 ","0,00 ","0,00 ","0,00 ","0,00 ","0,00 ","0,00 ","289.362,43 ","289.362,43 ","0,00 ","0,00 ","289.362,43 ","0,00 ","0,00 ","0,00 ","0,00 ","0,00 ","0,00 ","0,00 ","0,00 ","0,00 ","0,00 ","0,00 ","0,00 ","0,00 ","0,00 ","0,00 ","0,00 ","0,00 ","101.253,31 ","101.253,31 ","4.888,00 ","77.765,31 ","0,00 ","0,00 ","0,00 ","18.600,00 ","0,00 ","0,00 ","0,00 ","0,00 ","0,00 ","0,00 ","0,00 ","0,00 ","0,00 ","0,00 ","0,00 ","0,00 ","0,00 ","0,00 ","0,00 ","0,00 ","1.362.910,14 ","0,00 ","0,00 ","1.362.910,14 ","0,00 ","1.362.910,14 ","0,00 ","0,00 ","0,00 ","0,00 ","0,00 ","0,00 ","0,00 ","42.938,29 ","36.000,00 ","0,00 ","0,00 ","36.000,00 ","0,00 ","0,00 ","0,00 ","0,00 ","0,00 ","0,00 ","6.938,29 ","0,00 ","6.938,29 ","0,00 ","0,00 ","0,00 ","0,00 ","0,00 ","0,00 ","0,00 ","0,00 ","0,00 ","0,00 ","0,00 ","0,00 ","0,00 ","0,00 ","0,00 ","0,00 ","48.481,73 ","0,00 ","0,00 ","0,00 ","10.902,81 ","0,00 ","0,00 ","0,00 ","10.902,81 ","0,00 ","0,00 ","0,00 ","0,00 ","0,00 ","0,00 ","0,00 ","37.578,92 ","37.578,92 ","0,00 ","63.016,83 ","0,00 ","0,00 ","0,00 ","63.016,83 ","63.016,83 ","0,00 ","0,00 ","0,00 ","0,00 ","0,00 ","0,00 ","0,00 ","0,00 ","0,00 ","0,00 ","0,00 ","0,00 ","0,00 ","0,00 ","0,00 ","0,00 ","0,00 ","0,00 ","0,00 ","0,00 ","0,00 ","0,00 ","0,00 ","0,00 ","0,00 ","0,00 ","0,00 ","0,00 ","0,00 ","0,00 ","0,00 ","0,00 ","0,00 ","0,00 ","0,00 ","0,00 ","1.932.495,41 "
96.,71 ,OBČINA MEDVODE,"3.476,35 ","3.476,35 ","3.476,35 ","0,00 ","0,00 ","0,00 ","0,00 ","0,00 ","0,00 ","0,00 ","0,00 ","0,00 ","0,00 ","0,00 ","0,00 ","0,00 ","0,00 ","0,00 ","0,00 ","0,00 ","0,00 ","0,00 ","0,00 ","0,00 ","0,00 ","0,00 ","0,00 ","0,00 ","0,00 ","0,00 ","0,00 ","0,00 ","116.086,29 ","11.383,86 ","0,00 ","0,00 ","11.383,86 ","39.126,92 ","39.126,92 ","0,00 ","65.575,51 ","0,00 ","65.575,51 ","27.409,98 ","27.409,98 ","17.623,12 ","9.786,86 ","0,00 ","0,00 ","0,00 ","0,00 ","0,00 ","0,00 ","0,00 ","0,00 ","0,00 ","0,00 ","0,00 ","0,00 ","0,00 ","0,00 ","0,00 ","0,00 ","0,00 ","0,00 ","0,00 ","0,00 ","0,00 ","0,00 ","0,00 ","0,00 ","0,00 ","0,00 ","0,00 ","0,00 ","0,00 ","649.757,31 ","649.757,31 ","0,00 ","607.359,91 ","15.656,51 ","26.740,89 ","0,00 ","0,00 ","0,00 ","0,00 ","0,00 ","0,00 ","0,00 ","0,00 ","0,00 ","0,00 ","0,00 ","0,00 ","0,00 ","0,00 ","0,00 ","0,00 ","0,00 ","0,00 ","667.436,40 ","0,00 ","0,00 ","667.436,40 ","17.069,66 ","546.043,74 ","104.323,00 ","0,00 ","0,00 ","0,00 ","0,00 ","0,00 ","0,00 ","965.737,50 ","184.535,92 ","105.010,46 ","0,00 ","79.525,46 ","512.406,39 ","419.820,85 ","78.556,49 ","3.505,29 ","0,00 ","10.523,76 ","0,00 ","0,00 ","0,00 ","0,00 ","268.795,19 ","268.795,19 ","0,00 ","39.134,66 ","39.134,66 ","39.134,66 ","0,00 ","0,00 ","0,00 ","0,00 ","0,00 ","0,00 ","0,00 ","0,00 ","0,00 ","165.505,75 ","0,00 ","0,00 ","0,00 ","47.924,09 ","0,00 ","0,00 ","0,00 ","0,00 ","47.924,09 ","0,00 ","0,00 ","0,00 ","0,00 ","0,00 ","0,00 ","117.581,66 ","117.581,66 ","0,00 ","411.110,11 ","29.848,46 ","29.848,46 ","0,00 ","381.261,65 ","381.261,65 ","0,00 ","0,00 ","0,00 ","0,00 ","0,00 ","0,00 ","0,00 ","0,00 ","0,00 ","0,00 ","0,00 ","0,00 ","0,00 ","0,00 ","0,00 ","0,00 ","0,00 ","0,00 ","0,00 ","0,00 ","0,00 ","0,00 ","0,00 ","0,00 ","0,00 ","0,00 ","0,00 ","0,00 ","0,00 ","0,00 ","0,00 ","0,00 ","0,00 ","0,00 ","0,00 ","0,00 ","3.045.654,35 "
97.,72 ,OBČINA MENGEŠ,"0,00 ","0,00 ","0,00 ","0,00 ","0,00 ","0,00 ","0,00 ","0,00 ","0,00 ","0,00 ","0,00 ","0,00 ","0,00 ","0,00 ","0,00 ","0,00 ","0,00 ","0,00 ","0,00 ","363.574,51 ","0,00 ","0,00 ","7.266,90 ","0,00 ","7.266,90 ","356.307,61 ","0,00 ","0,00 ","356.307,61 ","0,00 ","0,00 ","0,00 ","75.692,81 ","0,00 ","0,00 ","0,00 ","0,00 ","0,00 ","0,00 ","0,00 ","75.692,81 ","6.353,41 ","69.339,40 ","6.404,51 ","6.404,51 ","6.404,51 ","0,00 ","0,00 ","0,00 ","0,00 ","0,00 ","0,00 ","0,00 ","0,00 ","4.185,90 ","0,00 ","0,00 ","0,00 ","0,00 ","0,00 ","0,00 ","0,00 ","0,00 ","4.185,90 ","4.185,90 ","0,00 ","0,00 ","0,00 ","0,00 ","0,00 ","0,00 ","0,00 ","0,00 ","0,00 ","0,00 ","0,00 ","794.643,36 ","794.643,36 ","70.493,50 ","520.180,08 ","215,52 ","40.138,74 ","0,00 ","163.615,52 ","0,00 ","0,00 ","0,00 ","0,00 ","0,00 ","0,00 ","0,00 ","0,00 ","5.071,13 ","0,00 ","0,00 ","0,00 ","0,00 ","5.071,13 ","4.478,12 ","593,01 ","274.361,72 ","0,00 ","0,00 ","268.830,69 ","0,00 ","268.830,69 ","0,00 ","5.531,03 ","5.531,03 ","0,00 ","0,00 ","0,00 ","0,00 ","96.866,04 ","20.115,06 ","0,00 ","0,00 ","20.115,06 ","35.335,20 ","14.163,36 ","992,34 ","3.534,10 ","0,00 ","16.645,40 ","0,00 ","0,00 ","0,00 ","0,00 ","41.415,78 ","25.735,76 ","15.680,02 ","0,00 ","0,00 ","0,00 ","0,00 ","0,00 ","0,00 ","0,00 ","0,00 ","0,00 ","0,00 ","0,00 ","0,00 ","90.989,78 ","0,00 ","0,00 ","0,00 ","0,00 ","0,00 ","0,00 ","0,00 ","0,00 ","0,00 ","0,00 ","0,00 ","0,00 ","0,00 ","0,00 ","0,00 ","90.989,78 ","90.989,78 ","0,00 ","19.082,16 ","1.404,95 ","1.404,95 ","0,00 ","17.677,21 ","17.677,21 ","0,00 ","0,00 ","0,00 ","0,00 ","0,00 ","0,00 ","0,00 ","0,00 ","0,00 ","0,00 ","0,00 ","0,00 ","0,00 ","0,00 ","0,00 ","0,00 ","0,00 ","0,00 ","0,00 ","0,00 ","0,00 ","0,00 ","0,00 ","0,00 ","0,00 ","0,00 ","0,00 ","0,00 ","0,00 ","0,00 ","0,00 ","0,00 ","0,00 ","0,00 ","0,00 ","0,00 ","1.730.871,92 "
98.,73 ,OBČINA METLIKA,"0,00 ","0,00 ","0,00 ","0,00 ","0,00 ","0,00 ","0,00 ","0,00 ","0,00 ","0,00 ","0,00 ","0,00 ","0,00 ","0,00 ","0,00 ","0,00 ","0,00 ","0,00 ","0,00 ","70.926,70 ","0,00 ","0,00 ","0,00 ","0,00 ","0,00 ","70.926,70 ","0,00 ","0,00 ","70.926,70 ","0,00 ","0,00 ","0,00 ","18.921,02 ","0,00 ","0,00 ","0,00 ","0,00 ","0,00 ","0,00 ","0,00 ","18.921,02 ","0,00 ","18.921,02 ","0,00 ","0,00 ","0,00 ","0,00 ","0,00 ","0,00 ","0,00 ","0,00 ","0,00 ","0,00 ","0,00 ","11.073,94 ","11.073,94 ","0,00 ","11.073,94 ","0,00 ","0,00 ","0,00 ","0,00 ","0,00 ","0,00 ","0,00 ","0,00 ","0,00 ","0,00 ","0,00 ","0,00 ","0,00 ","0,00 ","0,00 ","0,00 ","0,00 ","0,00 ","544.932,30 ","544.932,30 ","5.000,00 ","500.891,03 ","11.960,21 ","27.081,06 ","0,00 ","0,00 ","0,00 ","0,00 ","0,00 ","0,00 ","0,00 ","0,00 ","0,00 ","0,00 ","62.691,81 ","0,00 ","0,00 ","62.691,81 ","62.691,81 ","0,00 ","0,00 ","0,00 ","1.458.603,21 ","0,00 ","0,00 ","1.458.603,21 ","200,00 ","1.458.403,21 ","0,00 ","0,00 ","0,00 ","0,00 ","0,00 ","0,00 ","0,00 ","326.134,02 ","117.628,20 ","0,00 ","0,00 ","117.628,20 ","116.518,16 ","108.714,08 ","7.804,08 ","0,00 ","0,00 ","0,00 ","6.635,86 ","0,00 ","6.635,86 ","0,00 ","85.351,80 ","0,00 ","85.351,80 ","173.479,67 ","173.479,67 ","173.479,67 ","0,00 ","0,00 ","0,00 ","0,00 ","0,00 ","0,00 ","0,00 ","0,00 ","0,00 ","38.250,56 ","0,00 ","0,00 ","0,00 ","1.612,80 ","0,00 ","0,00 ","0,00 ","0,00 ","1.612,80 ","0,00 ","0,00 ","0,00 ","0,00 ","0,00 ","0,00 ","36.637,76 ","36.637,76 ","0,00 ","82.437,21 ","82.437,21 ","82.437,21 ","0,00 ","0,00 ","0,00 ","0,00 ","0,00 ","0,00 ","0,00 ","0,00 ","0,00 ","0,00 ","0,00 ","0,00 ","0,00 ","0,00 ","0,00 ","0,00 ","0,00 ","3.948,00 ","0,00 ","0,00 ","0,00 ","0,00 ","3.948,00 ","0,00 ","0,00 ","0,00 ","3.948,00 ","0,00 ","0,00 ","0,00 ","0,00 ","0,00 ","0,00 ","0,00 ","0,00 ","0,00 ","0,00 ","0,00 ","0,00 ","2.791.398,44 "
99.,74 ,OBČINA MEŽICA,"0,00 ","0,00 ","0,00 ","0,00 ","0,00 ","0,00 ","0,00 ","0,00 ","0,00 ","0,00 ","0,00 ","0,00 ","0,00 ","0,00 ","0,00 ","0,00 ","0,00 ","0,00 ","0,00 ","0,00 ","0,00 ","0,00 ","0,00 ","0,00 ","0,00 ","0,00 ","0,00 ","0,00 ","0,00 ","0,00 ","0,00 ","0,00 ","13.531,24 ","0,00 ","0,00 ","0,00 ","0,00 ","0,00 ","0,00 ","0,00 ","13.531,24 ","0,00 ","13.531,24 ","0,00 ","0,00 ","0,00 ","0,00 ","0,00 ","0,00 ","0,00 ","0,00 ","0,00 ","0,00 ","0,00 ","0,00 ","0,00 ","0,00 ","0,00 ","0,00 ","0,00 ","0,00 ","0,00 ","0,00 ","0,00 ","0,00 ","0,00 ","0,00 ","0,00 ","0,00 ","0,00 ","0,00 ","0,00 ","0,00 ","0,00 ","0,00 ","0,00 ","340.144,66 ","339.167,91 ","0,00 ","339.167,91 ","0,00 ","0,00 ","0,00 ","0,00 ","0,00 ","0,00 ","0,00 ","0,00 ","0,00 ","0,00 ","976,75 ","976,75 ","0,00 ","0,00 ","0,00 ","0,00 ","0,00 ","0,00 ","0,00 ","0,00 ","239.380,40 ","0,00 ","0,00 ","239.380,40 ","239.380,40 ","0,00 ","0,00 ","0,00 ","0,00 ","0,00 ","0,00 ","0,00 ","0,00 ","41.786,00 ","24.972,00 ","0,00 ","0,00 ","24.972,00 ","16.814,00 ","1.214,00 ","0,00 ","15.600,00 ","0,00 ","0,00 ","0,00 ","0,00 ","0,00 ","0,00 ","0,00 ","0,00 ","0,00 ","0,00 ","0,00 ","0,00 ","0,00 ","0,00 ","0,00 ","0,00 ","0,00 ","0,00 ","0,00 ","0,00 ","0,00 ","13.241,11 ","0,00 ","0,00 ","0,00 ","0,00 ","0,00 ","0,00 ","0,00 ","0,00 ","0,00 ","0,00 ","0,00 ","0,00 ","0,00 ","0,00 ","0,00 ","13.241,11 ","13.241,11 ","0,00 ","467.251,22 ","0,00 ","0,00 ","0,00 ","467.251,22 ","467.251,22 ","0,00 ","0,00 ","0,00 ","0,00 ","0,00 ","0,00 ","0,00 ","0,00 ","0,00 ","0,00 ","0,00 ","0,00 ","0,00 ","0,00 ","0,00 ","0,00 ","0,00 ","0,00 ","0,00 ","0,00 ","0,00 ","0,00 ","0,00 ","0,00 ","0,00 ","0,00 ","0,00 ","0,00 ","0,00 ","0,00 ","0,00 ","0,00 ","0,00 ","0,00 ","0,00 ","0,00 ","1.115.334,63 "
100.,169 ,OBČINA MIKLAVŽ NA DRAVSKEM POLJU,"0,00 ","0,00 ","0,00 ","0,00 ","0,00 ","0,00 ","0,00 ","0,00 ","0,00 ","0,00 ","0,00 ","0,00 ","0,00 ","0,00 ","0,00 ","0,00 ","0,00 ","0,00 ","0,00 ","0,00 ","0,00 ","0,00 ","0,00 ","0,00 ","0,00 ","0,00 ","0,00 ","0,00 ","0,00 ","0,00 ","0,00 ","0,00 ","21.882,59 ","0,00 ","0,00 ","0,00 ","0,00 ","0,00 ","0,00 ","0,00 ","21.882,59 ","0,00 ","21.882,59 ","8.775,05 ","8.775,05 ","8.775,05 ","0,00 ","0,00 ","0,00 ","0,00 ","0,00 ","0,00 ","0,00 ","0,00 ","0,00 ","0,00 ","0,00 ","0,00 ","0,00 ","0,00 ","0,00 ","0,00 ","0,00 ","0,00 ","0,00 ","0,00 ","0,00 ","0,00 ","0,00 ","0,00 ","0,00 ","0,00 ","0,00 ","0,00 ","0,00 ","0,00 ","286.639,90 ","286.639,90 ","0,00 ","91.930,55 ","0,00 ","194.709,35 ","0,00 ","0,00 ","0,00 ","0,00 ","0,00 ","0,00 ","0,00 ","0,00 ","0,00 ","0,00 ","0,00 ","0,00 ","0,00 ","0,00 ","0,00 ","0,00 ","0,00 ","0,00 ","200.029,12 ","0,00 ","0,00 ","200.029,12 ","0,00 ","200.029,12 ","0,00 ","0,00 ","0,00 ","0,00 ","0,00 ","0,00 ","0,00 ","115.413,20 ","0,00 ","0,00 ","0,00 ","0,00 ","80.943,20 ","79.768,40 ","0,00 ","1.174,80 ","0,00 ","0,00 ","0,00 ","0,00 ","0,00 ","0,00 ","34.470,00 ","0,00 ","34.470,00 ","11.650,16 ","11.650,16 ","11.650,16 ","0,00 ","0,00 ","0,00 ","0,00 ","0,00 ","0,00 ","0,00 ","0,00 ","0,00 ","107.708,50 ","0,00 ","0,00 ","0,00 ","47.835,00 ","0,00 ","0,00 ","0,00 ","511,36 ","47.323,64 ","0,00 ","0,00 ","0,00 ","0,00 ","0,00 ","0,00 ","59.873,50 ","58.926,91 ","946,59 ","779.073,88 ","611.728,56 ","611.728,56 ","0,00 ","167.345,32 ","167.345,32 ","0,00 ","0,00 ","0,00 ","0,00 ","0,00 ","0,00 ","0,00 ","0,00 ","0,00 ","0,00 ","0,00 ","0,00 ","0,00 ","0,00 ","0,00 ","0,00 ","0,00 ","0,00 ","0,00 ","0,00 ","0,00 ","0,00 ","0,00 ","0,00 ","0,00 ","0,00 ","0,00 ","0,00 ","0,00 ","0,00 ","0,00 ","0,00 ","0,00 ","0,00 ","0,00 ","0,00 ","1.531.172,40 "
101.,75 ,OBČINA MIREN-KOSTANJEVICA,"0,00 ","0,00 ","0,00 ","0,00 ","0,00 ","0,00 ","0,00 ","0,00 ","0,00 ","0,00 ","0,00 ","0,00 ","0,00 ","0,00 ","0,00 ","0,00 ","0,00 ","0,00 ","0,00 ","91.332,61 ","0,00 ","0,00 ","0,00 ","0,00 ","0,00 ","91.332,61 ","163,20 ","0,00 ","91.169,41 ","0,00 ","0,00 ","0,00 ","12.371,64 ","0,00 ","0,00 ","0,00 ","0,00 ","0,00 ","0,00 ","0,00 ","12.371,64 ","0,00 ","12.371,64 ","0,00 ","0,00 ","0,00 ","0,00 ","0,00 ","0,00 ","0,00 ","0,00 ","0,00 ","0,00 ","0,00 ","0,00 ","0,00 ","0,00 ","0,00 ","0,00 ","0,00 ","0,00 ","0,00 ","0,00 ","0,00 ","0,00 ","0,00 ","0,00 ","0,00 ","0,00 ","0,00 ","0,00 ","0,00 ","0,00 ","0,00 ","0,00 ","0,00 ","339.918,76 ","339.918,76 ","12.340,85 ","314.528,72 ","0,00 ","13.049,19 ","0,00 ","0,00 ","0,00 ","0,00 ","0,00 ","0,00 ","0,00 ","0,00 ","0,00 ","0,00 ","0,00 ","0,00 ","0,00 ","0,00 ","0,00 ","0,00 ","0,00 ","0,00 ","705.188,67 ","0,00 ","0,00 ","703.313,89 ","8.511,42 ","694.802,47 ","0,00 ","0,00 ","0,00 ","1.874,78 ","1.874,78 ","0,00 ","0,00 ","392.241,53 ","91.412,31 ","0,00 ","0,00 ","91.412,31 ","264.094,61 ","63.805,58 ","199.952,47 ","304,80 ","31,76 ","0,00 ","34.994,91 ","0,00 ","34.994,91 ","0,00 ","1.739,70 ","0,00 ","1.739,70 ","0,00 ","0,00 ","0,00 ","0,00 ","0,00 ","0,00 ","0,00 ","0,00 ","0,00 ","0,00 ","0,00 ","0,00 ","443.396,54 ","435.396,91 ","435.396,91 ","0,00 ","0,00 ","0,00 ","0,00 ","0,00 ","0,00 ","0,00 ","0,00 ","0,00 ","0,00 ","0,00 ","0,00 ","0,00 ","7.999,63 ","7.999,63 ","0,00 ","10.953,45 ","4.410,00 ","4.410,00 ","0,00 ","6.543,45 ","6.543,45 ","0,00 ","0,00 ","0,00 ","0,00 ","0,00 ","0,00 ","0,00 ","0,00 ","0,00 ","0,00 ","0,00 ","0,00 ","0,00 ","0,00 ","0,00 ","0,00 ","0,00 ","0,00 ","0,00 ","0,00 ","0,00 ","0,00 ","0,00 ","0,00 ","0,00 ","0,00 ","0,00 ","0,00 ","0,00 ","0,00 ","0,00 ","0,00 ","0,00 ","0,00 ","0,00 ","0,00 ","1.995.403,20 "
102.,170 ,OBČINA MIRNA PEČ,"0,00 ","0,00 ","0,00 ","0,00 ","0,00 ","0,00 ","0,00 ","0,00 ","0,00 ","0,00 ","0,00 ","0,00 ","0,00 ","0,00 ","0,00 ","0,00 ","0,00 ","0,00 ","0,00 ","1.007,30 ","0,00 ","0,00 ","0,00 ","0,00 ","0,00 ","1.007,30 ","0,00 ","0,00 ","1.007,30 ","0,00 ","0,00 ","0,00 ","7.882,86 ","0,00 ","0,00 ","0,00 ","0,00 ","0,00 ","0,00 ","0,00 ","7.882,86 ","360,00 ","7.522,86 ","0,00 ","0,00 ","0,00 ","0,00 ","0,00 ","0,00 ","0,00 ","0,00 ","0,00 ","0,00 ","0,00 ","4.395,15 ","4.395,15 ","0,00 ","4.395,15 ","0,00 ","0,00 ","0,00 ","0,00 ","0,00 ","0,00 ","0,00 ","0,00 ","0,00 ","0,00 ","0,00 ","0,00 ","0,00 ","0,00 ","0,00 ","0,00 ","0,00 ","0,00 ","119.826,22 ","114.695,56 ","0,00 ","79.818,19 ","0,00 ","8.080,17 ","0,00 ","26.797,20 ","0,00 ","0,00 ","0,00 ","0,00 ","0,00 ","0,00 ","5.130,66 ","5.130,66 ","1.199,20 ","0,00 ","0,00 ","0,00 ","0,00 ","1.199,20 ","0,00 ","1.199,20 ","5.376,00 ","0,00 ","0,00 ","5.376,00 ","5.376,00 ","0,00 ","0,00 ","0,00 ","0,00 ","0,00 ","0,00 ","0,00 ","0,00 ","659.258,54 ","149.910,75 ","11.198,40 ","0,00 ","138.712,35 ","500.624,95 ","494.808,15 ","388,80 ","0,00 ","0,00 ","5.428,00 ","8.722,84 ","6.504,66 ","2.218,18 ","0,00 ","0,00 ","0,00 ","0,00 ","0,00 ","0,00 ","0,00 ","0,00 ","0,00 ","0,00 ","0,00 ","0,00 ","0,00 ","0,00 ","0,00 ","0,00 ","0,00 ","0,00 ","0,00 ","0,00 ","0,00 ","0,00 ","0,00 ","0,00 ","0,00 ","0,00 ","0,00 ","0,00 ","0,00 ","0,00 ","0,00 ","0,00 ","0,00 ","0,00 ","0,00 ","729.903,80 ","0,00 ","0,00 ","0,00 ","729.903,80 ","729.903,80 ","0,00 ","0,00 ","0,00 ","0,00 ","0,00 ","0,00 ","0,00 ","0,00 ","0,00 ","0,00 ","0,00 ","0,00 ","0,00 ","0,00 ","0,00 ","0,00 ","0,00 ","0,00 ","0,00 ","0,00 ","0,00 ","0,00 ","0,00 ","0,00 ","0,00 ","0,00 ","0,00 ","0,00 ","0,00 ","0,00 ","0,00 ","0,00 ","0,00 ","0,00 ","0,00 ","0,00 ","1.528.849,07 "
103.,76 ,OBČINA MISLINJA,"0,00 ","0,00 ","0,00 ","0,00 ","0,00 ","0,00 ","0,00 ","0,00 ","0,00 ","0,00 ","0,00 ","0,00 ","0,00 ","0,00 ","0,00 ","0,00 ","0,00 ","0,00 ","0,00 ","0,00 ","0,00 ","0,00 ","0,00 ","0,00 ","0,00 ","0,00 ","0,00 ","0,00 ","0,00 ","0,00 ","0,00 ","0,00 ","21.289,00 ","0,00 ","0,00 ","0,00 ","0,00 ","0,00 ","0,00 ","0,00 ","21.289,00 ","0,00 ","21.289,00 ","8.178,00 ","8.178,00 ","8.178,00 ","0,00 ","0,00 ","0,00 ","0,00 ","0,00 ","0,00 ","0,00 ","0,00 ","0,00 ","0,00 ","0,00 ","0,00 ","0,00 ","0,00 ","0,00 ","0,00 ","0,00 ","0,00 ","0,00 ","0,00 ","0,00 ","0,00 ","0,00 ","0,00 ","0,00 ","0,00 ","0,00 ","0,00 ","0,00 ","0,00 ","600.342,00 ","600.342,00 ","0,00 ","569.903,00 ","16.061,00 ","14.378,00 ","0,00 ","0,00 ","0,00 ","0,00 ","0,00 ","0,00 ","0,00 ","0,00 ","0,00 ","0,00 ","0,00 ","0,00 ","0,00 ","0,00 ","0,00 ","0,00 ","0,00 ","0,00 ","682.653,00 ","0,00 ","0,00 ","682.653,00 ","299.081,00 ","383.572,00 ","0,00 ","0,00 ","0,00 ","0,00 ","0,00 ","0,00 ","0,00 ","100.423,00 ","45.014,00 ","15.024,00 ","0,00 ","29.990,00 ","42.910,00 ","910,00 ","40.697,00 ","1.303,00 ","0,00 ","0,00 ","6.958,00 ","0,00 ","6.958,00 ","0,00 ","5.541,00 ","5.541,00 ","0,00 ","0,00 ","0,00 ","0,00 ","0,00 ","0,00 ","0,00 ","0,00 ","0,00 ","0,00 ","0,00 ","0,00 ","0,00 ","96.731,00 ","4.539,00 ","4.539,00 ","0,00 ","89.829,00 ","0,00 ","0,00 ","0,00 ","0,00 ","89.829,00 ","0,00 ","0,00 ","0,00 ","0,00 ","0,00 ","0,00 ","2.363,00 ","2.363,00 ","0,00 ","36.443,00 ","0,00 ","0,00 ","0,00 ","35.361,00 ","35.361,00 ","0,00 ","0,00 ","0,00 ","0,00 ","0,00 ","0,00 ","0,00 ","0,00 ","0,00 ","1.082,00 ","1.082,00 ","0,00 ","0,00 ","0,00 ","0,00 ","0,00 ","0,00 ","0,00 ","0,00 ","0,00 ","0,00 ","0,00 ","0,00 ","0,00 ","0,00 ","0,00 ","0,00 ","0,00 ","0,00 ","0,00 ","0,00 ","0,00 ","0,00 ","0,00 ","0,00 ","0,00 ","1.546.059,00 "
104.,199 ,OBČINA MOKRONOG-TREBELNO,"0,00 ","0,00 ","0,00 ","0,00 ","0,00 ","0,00 ","0,00 ","0,00 ","0,00 ","0,00 ","0,00 ","0,00 ","0,00 ","0,00 ","0,00 ","0,00 ","0,00 ","0,00 ","0,00 ","0,00 ","0,00 ","0,00 ","0,00 ","0,00 ","0,00 ","0,00 ","0,00 ","0,00 ","0,00 ","0,00 ","0,00 ","0,00 ","80.775,39 ","0,00 ","0,00 ","0,00 ","0,00 ","0,00 ","0,00 ","0,00 ","80.775,39 ","0,00 ","80.775,39 ","0,00 ","0,00 ","0,00 ","0,00 ","0,00 ","0,00 ","0,00 ","0,00 ","0,00 ","0,00 ","0,00 ","15.054,37 ","0,00 ","0,00 ","0,00 ","0,00 ","0,00 ","0,00 ","0,00 ","0,00 ","15.054,37 ","15.054,37 ","0,00 ","0,00 ","8.264,50 ","8.264,50 ","8.264,50 ","0,00 ","0,00 ","0,00 ","0,00 ","0,00 ","0,00 ","724.606,43 ","722.446,43 ","0,00 ","708.417,17 ","13.041,30 ","987,96 ","0,00 ","0,00 ","0,00 ","0,00 ","0,00 ","0,00 ","0,00 ","0,00 ","2.160,00 ","2.160,00 ","10.334,87 ","0,00 ","0,00 ","0,00 ","0,00 ","10.334,87 ","0,00 ","10.334,87 ","40.744,91 ","0,00 ","0,00 ","40.744,91 ","27.246,91 ","13.498,00 ","0,00 ","0,00 ","0,00 ","0,00 ","0,00 ","0,00 ","0,00 ","99.148,26 ","4.056,08 ","4.056,08 ","0,00 ","0,00 ","48.814,98 ","46.314,98 ","2.500,00 ","0,00 ","0,00 ","0,00 ","0,00 ","0,00 ","0,00 ","0,00 ","46.277,20 ","0,00 ","46.277,20 ","24.000,00 ","24.000,00 ","24.000,00 ","0,00 ","0,00 ","0,00 ","0,00 ","0,00 ","0,00 ","0,00 ","0,00 ","0,00 ","133.959,75 ","0,00 ","0,00 ","0,00 ","133.959,75 ","113.651,47 ","0,00 ","20.308,28 ","0,00 ","0,00 ","0,00 ","0,00 ","0,00 ","0,00 ","0,00 ","0,00 ","0,00 ","0,00 ","0,00 ","19.040,43 ","0,00 ","0,00 ","0,00 ","19.040,43 ","19.040,43 ","0,00 ","0,00 ","0,00 ","0,00 ","0,00 ","0,00 ","0,00 ","0,00 ","0,00 ","0,00 ","0,00 ","0,00 ","0,00 ","0,00 ","0,00 ","0,00 ","0,00 ","0,00 ","0,00 ","0,00 ","0,00 ","0,00 ","0,00 ","0,00 ","0,00 ","0,00 ","0,00 ","0,00 ","0,00 ","0,00 ","0,00 ","0,00 ","0,00 ","0,00 ","0,00 ","0,00 ","1.155.928,91 "
105.,77 ,OBČINA MORAVČE,"0,00 ","0,00 ","0,00 ","0,00 ","0,00 ","0,00 ","0,00 ","0,00 ","0,00 ","0,00 ","0,00 ","0,00 ","0,00 ","0,00 ","0,00 ","0,00 ","0,00 ","0,00 ","0,00 ","0,00 ","0,00 ","0,00 ","0,00 ","0,00 ","0,00 ","0,00 ","0,00 ","0,00 ","0,00 ","0,00 ","0,00 ","0,00 ","4.484,00 ","0,00 ","0,00 ","0,00 ","0,00 ","0,00 ","0,00 ","0,00 ","4.484,00 ","4.484,00 ","0,00 ","0,00 ","0,00 ","0,00 ","0,00 ","0,00 ","0,00 ","0,00 ","0,00 ","0,00 ","0,00 ","0,00 ","191,00 ","0,00 ","0,00 ","0,00 ","0,00 ","0,00 ","0,00 ","0,00 ","0,00 ","191,00 ","191,00 ","0,00 ","0,00 ","0,00 ","0,00 ","0,00 ","0,00 ","0,00 ","0,00 ","0,00 ","0,00 ","0,00 ","854.707,00 ","854.707,00 ","17.250,00 ","807.557,00 ","2.755,00 ","27.145,00 ","0,00 ","0,00 ","0,00 ","0,00 ","0,00 ","0,00 ","0,00 ","0,00 ","0,00 ","0,00 ","0,00 ","0,00 ","0,00 ","0,00 ","0,00 ","0,00 ","0,00 ","0,00 ","18.041,00 ","0,00 ","0,00 ","18.041,00 ","0,00 ","18.041,00 ","0,00 ","0,00 ","0,00 ","0,00 ","0,00 ","0,00 ","0,00 ","186.271,00 ","107.209,00 ","35.169,00 ","0,00 ","72.040,00 ","79.062,00 ","59.732,00 ","19.330,00 ","0,00 ","0,00 ","0,00 ","0,00 ","0,00 ","0,00 ","0,00 ","0,00 ","0,00 ","0,00 ","0,00 ","0,00 ","0,00 ","0,00 ","0,00 ","0,00 ","0,00 ","0,00 ","0,00 ","0,00 ","0,00 ","0,00 ","69.289,00 ","0,00 ","0,00 ","0,00 ","69.289,00 ","39.800,00 ","0,00 ","0,00 ","0,00 ","29.489,00 ","0,00 ","0,00 ","0,00 ","0,00 ","0,00 ","0,00 ","0,00 ","0,00 ","0,00 ","0,00 ","0,00 ","0,00 ","0,00 ","0,00 ","0,00 ","0,00 ","0,00 ","0,00 ","0,00 ","0,00 ","0,00 ","0,00 ","0,00 ","0,00 ","0,00 ","0,00 ","0,00 ","0,00 ","0,00 ","113.955,00 ","0,00 ","0,00 ","0,00 ","0,00 ","113.955,00 ","0,00 ","0,00 ","113.955,00 ","0,00 ","0,00 ","0,00 ","0,00 ","0,00 ","0,00 ","0,00 ","0,00 ","0,00 ","0,00 ","0,00 ","0,00 ","0,00 ","1.246.938,00 "
106.,78 ,OBČINA MORAVSKE TOPLICE,"0,00 ","0,00 ","0,00 ","0,00 ","0,00 ","0,00 ","0,00 ","0,00 ","0,00 ","0,00 ","0,00 ","0,00 ","0,00 ","0,00 ","0,00 ","0,00 ","0,00 ","0,00 ","0,00 ","171.581,13 ","0,00 ","0,00 ","0,00 ","0,00 ","0,00 ","171.581,13 ","0,00 ","0,00 ","171.581,13 ","0,00 ","0,00 ","0,00 ","18.540,10 ","0,00 ","0,00 ","0,00 ","0,00 ","4.763,22 ","4.763,22 ","0,00 ","13.776,88 ","0,00 ","13.776,88 ","46.896,52 ","46.896,52 ","11.933,11 ","34.963,41 ","0,00 ","0,00 ","0,00 ","0,00 ","0,00 ","0,00 ","0,00 ","367.404,38 ","354.886,55 ","0,00 ","0,00 ","354.886,55 ","0,00 ","0,00 ","0,00 ","0,00 ","12.517,83 ","12.517,83 ","0,00 ","0,00 ","0,00 ","0,00 ","0,00 ","0,00 ","0,00 ","0,00 ","0,00 ","0,00 ","0,00 ","1.352.634,09 ","1.352.634,09 ","0,00 ","1.352.634,09 ","0,00 ","0,00 ","0,00 ","0,00 ","0,00 ","0,00 ","0,00 ","0,00 ","0,00 ","0,00 ","0,00 ","0,00 ","311.042,16 ","0,00 ","0,00 ","0,00 ","0,00 ","311.042,16 ","0,00 ","311.042,16 ","320.719,73 ","0,00 ","0,00 ","320.719,73 ","5.189,28 ","230.829,69 ","84.700,76 ","0,00 ","0,00 ","0,00 ","0,00 ","0,00 ","0,00 ","373.959,56 ","24.767,17 ","0,00 ","0,00 ","24.767,17 ","202.179,93 ","179.628,46 ","4.128,99 ","0,00 ","0,00 ","18.422,48 ","0,00 ","0,00 ","0,00 ","0,00 ","147.012,46 ","0,00 ","147.012,46 ","0,00 ","0,00 ","0,00 ","0,00 ","0,00 ","0,00 ","0,00 ","0,00 ","0,00 ","0,00 ","0,00 ","0,00 ","77.454,77 ","7.600,00 ","7.600,00 ","0,00 ","0,00 ","0,00 ","0,00 ","0,00 ","0,00 ","0,00 ","0,00 ","7.964,30 ","0,00 ","0,00 ","7.964,30 ","0,00 ","61.890,47 ","61.890,47 ","0,00 ","407.575,31 ","53.513,60 ","53.513,60 ","0,00 ","354.061,71 ","354.061,71 ","0,00 ","0,00 ","0,00 ","0,00 ","0,00 ","0,00 ","0,00 ","0,00 ","0,00 ","0,00 ","0,00 ","0,00 ","0,00 ","0,00 ","0,00 ","0,00 ","0,00 ","0,00 ","0,00 ","0,00 ","0,00 ","0,00 ","0,00 ","0,00 ","0,00 ","0,00 ","0,00 ","0,00 ","0,00 ","0,00 ","0,00 ","0,00 ","0,00 ","0,00 ","0,00 ","0,00 ","3.447.807,75 "
107.,79 ,OBČINA MOZIRJE,"0,00 ","0,00 ","0,00 ","0,00 ","0,00 ","0,00 ","0,00 ","0,00 ","0,00 ","0,00 ","0,00 ","0,00 ","0,00 ","0,00 ","0,00 ","0,00 ","0,00 ","0,00 ","0,00 ","0,00 ","0,00 ","0,00 ","0,00 ","0,00 ","0,00 ","0,00 ","0,00 ","0,00 ","0,00 ","0,00 ","0,00 ","0,00 ","3.273,77 ","0,00 ","0,00 ","0,00 ","0,00 ","0,00 ","0,00 ","0,00 ","3.273,77 ","0,00 ","3.273,77 ","0,00 ","0,00 ","0,00 ","0,00 ","0,00 ","0,00 ","0,00 ","0,00 ","0,00 ","0,00 ","0,00 ","14.822,33 ","0,00 ","0,00 ","0,00 ","0,00 ","0,00 ","0,00 ","0,00 ","0,00 ","14.822,33 ","14.822,33 ","0,00 ","0,00 ","0,00 ","0,00 ","0,00 ","0,00 ","0,00 ","0,00 ","0,00 ","0,00 ","0,00 ","946.128,73 ","946.128,73 ","43.977,96 ","888.711,44 ","0,00 ","13.439,33 ","0,00 ","0,00 ","0,00 ","0,00 ","0,00 ","0,00 ","0,00 ","0,00 ","0,00 ","0,00 ","0,00 ","0,00 ","0,00 ","0,00 ","0,00 ","0,00 ","0,00 ","0,00 ","93.961,96 ","0,00 ","0,00 ","88.155,60 ","8.655,60 ","79.500,00 ","0,00 ","5.806,36 ","5.806,36 ","0,00 ","0,00 ","0,00 ","0,00 ","217.624,69 ","87.093,81 ","12.304,69 ","0,00 ","74.789,12 ","2.475,10 ","2.475,10 ","0,00 ","0,00 ","0,00 ","0,00 ","0,00 ","0,00 ","0,00 ","0,00 ","128.055,78 ","72.528,00 ","55.527,78 ","3.529,60 ","3.529,60 ","3.529,60 ","0,00 ","0,00 ","0,00 ","0,00 ","0,00 ","0,00 ","0,00 ","0,00 ","0,00 ","0,00 ","0,00 ","0,00 ","0,00 ","0,00 ","0,00 ","0,00 ","0,00 ","0,00 ","0,00 ","0,00 ","0,00 ","0,00 ","0,00 ","0,00 ","0,00 ","0,00 ","0,00 ","0,00 ","1.463.882,67 ","0,00 ","0,00 ","0,00 ","1.463.882,67 ","1.463.882,67 ","0,00 ","0,00 ","0,00 ","0,00 ","0,00 ","0,00 ","0,00 ","0,00 ","0,00 ","0,00 ","0,00 ","0,00 ","0,00 ","0,00 ","0,00 ","0,00 ","0,00 ","0,00 ","0,00 ","0,00 ","0,00 ","0,00 ","0,00 ","0,00 ","0,00 ","0,00 ","0,00 ","0,00 ","0,00 ","0,00 ","0,00 ","0,00 ","0,00 ","0,00 ","0,00 ","0,00 ","2.743.223,75 "
108.,80 ,MESTNA OBČINA MURSKA SOBOTA,"0,00 ","0,00 ","0,00 ","0,00 ","0,00 ","0,00 ","0,00 ","0,00 ","0,00 ","0,00 ","0,00 ","0,00 ","0,00 ","0,00 ","0,00 ","0,00 ","0,00 ","0,00 ","0,00 ","243.206,68 ","0,00 ","0,00 ","0,00 ","0,00 ","0,00 ","243.206,68 ","0,00 ","0,00 ","243.206,68 ","0,00 ","0,00 ","0,00 ","63.166,42 ","0,00 ","0,00 ","0,00 ","0,00 ","13.470,16 ","13.470,16 ","0,00 ","49.696,26 ","0,00 ","49.696,26 ","7.744,92 ","7.744,92 ","7.744,92 ","0,00 ","0,00 ","0,00 ","0,00 ","0,00 ","0,00 ","0,00 ","0,00 ","643.521,62 ","643.521,62 ","0,00 ","0,00 ","643.521,62 ","0,00 ","0,00 ","0,00 ","0,00 ","0,00 ","0,00 ","0,00 ","0,00 ","9.979,90 ","0,00 ","0,00 ","0,00 ","0,00 ","9.979,90 ","9.979,90 ","0,00 ","0,00 ","1.422.098,33 ","1.422.098,33 ","28.757,48 ","880.229,01 ","38.996,35 ","75.083,20 ","0,00 ","399.032,29 ","0,00 ","0,00 ","0,00 ","0,00 ","0,00 ","0,00 ","0,00 ","0,00 ","0,00 ","0,00 ","0,00 ","0,00 ","0,00 ","0,00 ","0,00 ","0,00 ","125.925,01 ","0,00 ","0,00 ","33.106,78 ","0,00 ","10.410,78 ","22.696,00 ","92.818,23 ","92.818,23 ","0,00 ","0,00 ","0,00 ","0,00 ","900.369,60 ","191.355,92 ","49.853,27 ","0,00 ","141.502,65 ","165.263,54 ","0,00 ","145.204,20 ","20.059,34 ","0,00 ","0,00 ","0,00 ","0,00 ","0,00 ","0,00 ","543.750,14 ","451.782,52 ","91.967,62 ","0,00 ","0,00 ","0,00 ","0,00 ","0,00 ","0,00 ","0,00 ","0,00 ","0,00 ","0,00 ","0,00 ","0,00 ","326.161,51 ","0,00 ","0,00 ","0,00 ","205.258,28 ","0,00 ","0,00 ","0,00 ","1.440,00 ","203.818,28 ","0,00 ","0,00 ","0,00 ","0,00 ","0,00 ","0,00 ","120.903,23 ","120.903,23 ","0,00 ","303.098,12 ","0,00 ","0,00 ","0,00 ","303.098,12 ","288.310,44 ","14.787,68 ","0,00 ","0,00 ","0,00 ","0,00 ","0,00 ","0,00 ","0,00 ","0,00 ","0,00 ","0,00 ","0,00 ","0,00 ","0,00 ","0,00 ","0,00 ","0,00 ","0,00 ","0,00 ","0,00 ","0,00 ","0,00 ","0,00 ","0,00 ","0,00 ","0,00 ","0,00 ","0,00 ","0,00 ","0,00 ","0,00 ","0,00 ","0,00 ","0,00 ","0,00 ","0,00 ","4.045.272,11 "
109.,81 ,OBČINA MUTA,"0,00 ","0,00 ","0,00 ","0,00 ","0,00 ","0,00 ","0,00 ","0,00 ","0,00 ","0,00 ","0,00 ","0,00 ","0,00 ","0,00 ","0,00 ","0,00 ","0,00 ","0,00 ","0,00 ","4.711,00 ","0,00 ","0,00 ","4.711,00 ","0,00 ","4.711,00 ","0,00 ","0,00 ","0,00 ","0,00 ","0,00 ","0,00 ","0,00 ","8.072,96 ","0,00 ","0,00 ","0,00 ","0,00 ","0,00 ","0,00 ","0,00 ","8.072,96 ","218,40 ","7.854,56 ","2.052,00 ","2.052,00 ","2.052,00 ","0,00 ","0,00 ","0,00 ","0,00 ","0,00 ","0,00 ","0,00 ","0,00 ","0,00 ","0,00 ","0,00 ","0,00 ","0,00 ","0,00 ","0,00 ","0,00 ","0,00 ","0,00 ","0,00 ","0,00 ","0,00 ","0,00 ","0,00 ","0,00 ","0,00 ","0,00 ","0,00 ","0,00 ","0,00 ","0,00 ","573.778,89 ","573.778,89 ","0,00 ","566.115,32 ","18,96 ","7.644,61 ","0,00 ","0,00 ","0,00 ","0,00 ","0,00 ","0,00 ","0,00 ","0,00 ","0,00 ","0,00 ","123.987,42 ","0,00 ","0,00 ","81.337,19 ","81.337,19 ","42.650,23 ","0,00 ","42.650,23 ","349.321,08 ","0,00 ","0,00 ","349.321,08 ","244.184,92 ","105.136,16 ","0,00 ","0,00 ","0,00 ","0,00 ","0,00 ","0,00 ","0,00 ","151.456,90 ","14.400,00 ","0,00 ","0,00 ","14.400,00 ","26.783,93 ","26.783,93 ","0,00 ","0,00 ","0,00 ","0,00 ","68.914,87 ","39.911,46 ","2.466,48 ","26.536,93 ","41.358,10 ","0,00 ","41.358,10 ","844,86 ","844,86 ","844,86 ","0,00 ","0,00 ","0,00 ","0,00 ","0,00 ","0,00 ","0,00 ","0,00 ","0,00 ","859,09 ","0,00 ","0,00 ","0,00 ","0,00 ","0,00 ","0,00 ","0,00 ","0,00 ","0,00 ","0,00 ","0,00 ","0,00 ","0,00 ","0,00 ","0,00 ","859,09 ","859,09 ","0,00 ","135.292,59 ","0,00 ","0,00 ","0,00 ","135.292,59 ","135.292,59 ","0,00 ","0,00 ","0,00 ","0,00 ","0,00 ","0,00 ","0,00 ","0,00 ","0,00 ","0,00 ","0,00 ","0,00 ","0,00 ","0,00 ","0,00 ","0,00 ","0,00 ","0,00 ","0,00 ","0,00 ","0,00 ","0,00 ","0,00 ","0,00 ","0,00 ","0,00 ","0,00 ","0,00 ","0,00 ","0,00 ","0,00 ","0,00 ","0,00 ","0,00 ","0,00 ","0,00 ","1.350.376,79 "
110.,82 ,OBČINA NAKLO,"0,00 ","0,00 ","0,00 ","0,00 ","0,00 ","0,00 ","0,00 ","0,00 ","0,00 ","0,00 ","0,00 ","0,00 ","0,00 ","0,00 ","0,00 ","0,00 ","0,00 ","0,00 ","0,00 ","824,20 ","0,00 ","0,00 ","0,00 ","0,00 ","0,00 ","824,20 ","0,00 ","0,00 ","824,20 ","0,00 ","0,00 ","0,00 ","5.308,66 ","0,00 ","0,00 ","0,00 ","0,00 ","0,00 ","0,00 ","0,00 ","5.308,66 ","0,00 ","5.308,66 ","0,00 ","0,00 ","0,00 ","0,00 ","0,00 ","0,00 ","0,00 ","0,00 ","0,00 ","0,00 ","0,00 ","0,00 ","0,00 ","0,00 ","0,00 ","0,00 ","0,00 ","0,00 ","0,00 ","0,00 ","0,00 ","0,00 ","0,00 ","0,00 ","0,00 ","0,00 ","0,00 ","0,00 ","0,00 ","0,00 ","0,00 ","0,00 ","0,00 ","128.746,59 ","128.746,59 ","0,00 ","73.945,80 ","46.534,54 ","8.266,25 ","0,00 ","0,00 ","0,00 ","0,00 ","0,00 ","0,00 ","0,00 ","0,00 ","0,00 ","0,00 ","11.311,63 ","0,00 ","0,00 ","0,00 ","0,00 ","11.311,63 ","0,00 ","11.311,63 ","1.126.388,96 ","0,00 ","0,00 ","1.126.388,96 ","183.735,86 ","942.653,10 ","0,00 ","0,00 ","0,00 ","0,00 ","0,00 ","0,00 ","0,00 ","621.462,78 ","182.777,60 ","0,00 ","0,00 ","182.777,60 ","258.859,89 ","237.029,68 ","21.830,21 ","0,00 ","0,00 ","0,00 ","2.776,43 ","0,00 ","0,00 ","2.776,43 ","177.048,86 ","0,00 ","177.048,86 ","0,00 ","0,00 ","0,00 ","0,00 ","0,00 ","0,00 ","0,00 ","0,00 ","0,00 ","0,00 ","0,00 ","0,00 ","0,00 ","0,00 ","0,00 ","0,00 ","0,00 ","0,00 ","0,00 ","0,00 ","0,00 ","0,00 ","0,00 ","0,00 ","0,00 ","0,00 ","0,00 ","0,00 ","0,00 ","0,00 ","0,00 ","4.035,36 ","0,00 ","0,00 ","0,00 ","4.035,36 ","4.035,36 ","0,00 ","0,00 ","0,00 ","0,00 ","0,00 ","0,00 ","0,00 ","0,00 ","0,00 ","0,00 ","0,00 ","0,00 ","0,00 ","0,00 ","169.727,33 ","0,00 ","0,00 ","0,00 ","0,00 ","169.727,33 ","0,00 ","0,00 ","169.727,33 ","0,00 ","0,00 ","0,00 ","0,00 ","0,00 ","0,00 ","0,00 ","0,00 ","0,00 ","0,00 ","0,00 ","0,00 ","0,00 ","2.067.805,51 "
111.,83 ,OBČINA NAZARJE,"0,00 ","0,00 ","0,00 ","0,00 ","0,00 ","0,00 ","0,00 ","0,00 ","0,00 ","0,00 ","0,00 ","0,00 ","0,00 ","0,00 ","0,00 ","0,00 ","0,00 ","0,00 ","0,00 ","39.270,00 ","0,00 ","0,00 ","0,00 ","0,00 ","0,00 ","39.270,00 ","0,00 ","0,00 ","39.270,00 ","0,00 ","0,00 ","0,00 ","4.120,00 ","0,00 ","0,00 ","0,00 ","0,00 ","0,00 ","0,00 ","0,00 ","4.120,00 ","0,00 ","4.120,00 ","6.773,00 ","6.773,00 ","6.773,00 ","0,00 ","0,00 ","0,00 ","0,00 ","0,00 ","0,00 ","0,00 ","0,00 ","2.439,00 ","2.439,00 ","0,00 ","2.439,00 ","0,00 ","0,00 ","0,00 ","0,00 ","0,00 ","0,00 ","0,00 ","0,00 ","0,00 ","0,00 ","0,00 ","0,00 ","0,00 ","0,00 ","0,00 ","0,00 ","0,00 ","0,00 ","273.924,00 ","273.924,00 ","0,00 ","263.644,00 ","0,00 ","10.280,00 ","0,00 ","0,00 ","0,00 ","0,00 ","0,00 ","0,00 ","0,00 ","0,00 ","0,00 ","0,00 ","29.869,00 ","0,00 ","0,00 ","0,00 ","0,00 ","29.869,00 ","0,00 ","29.869,00 ","376,00 ","0,00 ","0,00 ","0,00 ","0,00 ","0,00 ","0,00 ","0,00 ","0,00 ","376,00 ","376,00 ","0,00 ","0,00 ","1.162.038,00 ","87.955,00 ","0,00 ","0,00 ","87.955,00 ","0,00 ","0,00 ","0,00 ","0,00 ","0,00 ","0,00 ","30.845,00 ","0,00 ","30.845,00 ","0,00 ","1.043.238,00 ","969.909,00 ","73.329,00 ","0,00 ","0,00 ","0,00 ","0,00 ","0,00 ","0,00 ","0,00 ","0,00 ","0,00 ","0,00 ","0,00 ","0,00 ","0,00 ","0,00 ","0,00 ","0,00 ","0,00 ","0,00 ","0,00 ","0,00 ","0,00 ","0,00 ","0,00 ","0,00 ","0,00 ","0,00 ","0,00 ","0,00 ","0,00 ","0,00 ","0,00 ","8.131,00 ","0,00 ","0,00 ","0,00 ","8.131,00 ","0,00 ","8.131,00 ","0,00 ","0,00 ","0,00 ","0,00 ","0,00 ","0,00 ","0,00 ","0,00 ","0,00 ","0,00 ","0,00 ","0,00 ","0,00 ","0,00 ","0,00 ","0,00 ","0,00 ","0,00 ","0,00 ","0,00 ","0,00 ","0,00 ","0,00 ","0,00 ","0,00 ","0,00 ","0,00 ","0,00 ","0,00 ","0,00 ","0,00 ","0,00 ","0,00 ","0,00 ","0,00 ","1.526.940,00 "
112.,84 ,MESTNA OBČINA NOVA GORICA,"0,00 ","0,00 ","0,00 ","0,00 ","0,00 ","0,00 ","0,00 ","0,00 ","0,00 ","0,00 ","0,00 ","0,00 ","0,00 ","0,00 ","0,00 ","0,00 ","0,00 ","0,00 ","0,00 ","210.863,85 ","0,00 ","0,00 ","28.546,50 ","18.588,02 ","9.958,48 ","182.317,35 ","0,00 ","0,00 ","182.317,35 ","0,00 ","0,00 ","0,00 ","182.199,26 ","0,00 ","0,00 ","0,00 ","0,00 ","23.984,16 ","23.984,16 ","0,00 ","158.215,10 ","0,00 ","158.215,10 ","16.215,78 ","16.215,78 ","16.215,78 ","0,00 ","0,00 ","0,00 ","0,00 ","0,00 ","0,00 ","0,00 ","0,00 ","11.160,00 ","11.160,00 ","0,00 ","11.160,00 ","0,00 ","0,00 ","0,00 ","0,00 ","0,00 ","0,00 ","0,00 ","0,00 ","0,00 ","14.388,00 ","0,00 ","0,00 ","0,00 ","0,00 ","0,00 ","0,00 ","14.388,00 ","14.388,00 ","1.490.568,57 ","1.484.295,93 ","45.336,67 ","678.011,74 ","129.276,43 ","63.296,93 ","0,00 ","568.374,16 ","0,00 ","0,00 ","0,00 ","0,00 ","0,00 ","0,00 ","6.272,64 ","6.272,64 ","915.429,37 ","0,00 ","0,00 ","862.066,18 ","862.066,18 ","53.363,19 ","0,00 ","53.363,19 ","1.961.442,87 ","0,00 ","0,00 ","1.950.856,65 ","583.828,17 ","1.367.028,48 ","0,00 ","0,00 ","0,00 ","0,00 ","0,00 ","10.586,22 ","10.586,22 ","2.699.875,02 ","365.839,04 ","78.600,24 ","0,00 ","287.238,80 ","1.935.282,13 ","1.776.832,54 ","135.526,08 ","0,00 ","0,00 ","22.923,51 ","0,00 ","0,00 ","0,00 ","0,00 ","398.753,85 ","45.235,90 ","353.517,95 ","0,00 ","0,00 ","0,00 ","0,00 ","0,00 ","0,00 ","0,00 ","0,00 ","0,00 ","0,00 ","0,00 ","0,00 ","305.322,01 ","0,00 ","0,00 ","0,00 ","0,00 ","0,00 ","0,00 ","0,00 ","0,00 ","0,00 ","0,00 ","4.880,83 ","4.880,83 ","0,00 ","0,00 ","0,00 ","300.441,18 ","228.565,74 ","71.875,44 ","1.115.811,46 ","143.793,19 ","143.793,19 ","0,00 ","568.507,01 ","568.507,01 ","0,00 ","0,00 ","0,00 ","402.541,66 ","0,00 ","402.541,66 ","969,60 ","0,00 ","969,60 ","0,00 ","0,00 ","0,00 ","0,00 ","0,00 ","9.900,00 ","0,00 ","0,00 ","0,00 ","0,00 ","9.900,00 ","0,00 ","9.900,00 ","0,00 ","0,00 ","0,00 ","0,00 ","0,00 ","0,00 ","0,00 ","0,00 ","64.975,66 ","64.975,66 ","0,00 ","64.975,66 ","0,00 ","0,00 ","8.998.151,85 "
113.,85 ,MESTNA OBČINA NOVO MESTO,"0,00 ","0,00 ","0,00 ","0,00 ","0,00 ","0,00 ","0,00 ","0,00 ","0,00 ","0,00 ","0,00 ","0,00 ","0,00 ","0,00 ","0,00 ","0,00 ","0,00 ","0,00 ","0,00 ","0,00 ","0,00 ","0,00 ","0,00 ","0,00 ","0,00 ","0,00 ","0,00 ","0,00 ","0,00 ","0,00 ","0,00 ","0,00 ","369.092,93 ","0,00 ","0,00 ","0,00 ","0,00 ","316.982,57 ","316.982,57 ","0,00 ","52.110,36 ","17.395,00 ","34.715,36 ","107.057,28 ","107.057,28 ","16.137,92 ","90.919,36 ","0,00 ","0,00 ","0,00 ","0,00 ","0,00 ","0,00 ","0,00 ","0,00 ","0,00 ","0,00 ","0,00 ","0,00 ","0,00 ","0,00 ","0,00 ","0,00 ","0,00 ","0,00 ","0,00 ","0,00 ","8.563,49 ","8.563,49 ","8.563,49 ","0,00 ","0,00 ","0,00 ","0,00 ","0,00 ","0,00 ","2.400.946,32 ","2.400.946,32 ","317.000,25 ","2.328,00 ","466,03 ","0,00 ","0,00 ","2.081.152,04 ","0,00 ","0,00 ","0,00 ","0,00 ","0,00 ","0,00 ","0,00 ","0,00 ","18.900,00 ","0,00 ","0,00 ","18.900,00 ","18.900,00 ","0,00 ","0,00 ","0,00 ","2.259.315,94 ","0,00 ","0,00 ","2.259.315,94 ","12.053,33 ","2.247.262,61 ","0,00 ","0,00 ","0,00 ","0,00 ","0,00 ","0,00 ","0,00 ","2.697.373,33 ","240.617,20 ","0,00 ","119.044,98 ","121.572,22 ","2.058.053,23 ","1.517.275,11 ","0,00 ","0,00 ","0,00 ","540.778,12 ","94.423,43 ","94.423,43 ","0,00 ","0,00 ","304.279,47 ","302.823,47 ","1.456,00 ","0,00 ","0,00 ","0,00 ","0,00 ","0,00 ","0,00 ","0,00 ","0,00 ","0,00 ","0,00 ","0,00 ","0,00 ","754.851,95 ","6.009,72 ","6.009,72 ","0,00 ","433.227,18 ","433.227,18 ","0,00 ","0,00 ","0,00 ","0,00 ","0,00 ","0,00 ","0,00 ","0,00 ","0,00 ","0,00 ","315.615,05 ","315.615,05 ","0,00 ","3.284.237,05 ","3.084.826,68 ","3.084.826,68 ","0,00 ","199.410,37 ","199.410,37 ","0,00 ","0,00 ","0,00 ","0,00 ","0,00 ","0,00 ","0,00 ","0,00 ","0,00 ","0,00 ","0,00 ","0,00 ","0,00 ","0,00 ","0,00 ","0,00 ","0,00 ","0,00 ","0,00 ","0,00 ","0,00 ","0,00 ","0,00 ","0,00 ","0,00 ","0,00 ","0,00 ","0,00 ","0,00 ","0,00 ","0,00 ","0,00 ","0,00 ","0,00 ","0,00 ","0,00 ","11.900.338,29 "
114.,86 ,OBČINA ODRANCI,"0,00 ","0,00 ","0,00 ","0,00 ","0,00 ","0,00 ","0,00 ","0,00 ","0,00 ","0,00 ","0,00 ","0,00 ","0,00 ","0,00 ","0,00 ","0,00 ","0,00 ","0,00 ","0,00 ","0,00 ","0,00 ","0,00 ","0,00 ","0,00 ","0,00 ","0,00 ","0,00 ","0,00 ","0,00 ","0,00 ","0,00 ","0,00 ","30.253,18 ","0,00 ","0,00 ","0,00 ","0,00 ","0,00 ","0,00 ","0,00 ","30.253,18 ","2.640,00 ","27.613,18 ","175.367,38 ","175.367,38 ","0,00 ","175.367,38 ","0,00 ","0,00 ","0,00 ","0,00 ","0,00 ","0,00 ","0,00 ","0,00 ","0,00 ","0,00 ","0,00 ","0,00 ","0,00 ","0,00 ","0,00 ","0,00 ","0,00 ","0,00 ","0,00 ","0,00 ","0,00 ","0,00 ","0,00 ","0,00 ","0,00 ","0,00 ","0,00 ","0,00 ","0,00 ","12.109,82 ","12.109,82 ","0,00 ","12.109,82 ","0,00 ","0,00 ","0,00 ","0,00 ","0,00 ","0,00 ","0,00 ","0,00 ","0,00 ","0,00 ","0,00 ","0,00 ","659.704,28 ","0,00 ","0,00 ","659.704,28 ","659.704,28 ","0,00 ","0,00 ","0,00 ","21.017,82 ","0,00 ","0,00 ","21.017,82 ","21.017,82 ","0,00 ","0,00 ","0,00 ","0,00 ","0,00 ","0,00 ","0,00 ","0,00 ","38.604,04 ","0,00 ","0,00 ","0,00 ","0,00 ","38.537,40 ","3.841,03 ","0,00 ","0,00 ","0,00 ","34.696,37 ","0,00 ","0,00 ","0,00 ","0,00 ","66,64 ","0,00 ","66,64 ","0,00 ","0,00 ","0,00 ","0,00 ","0,00 ","0,00 ","0,00 ","0,00 ","0,00 ","0,00 ","0,00 ","0,00 ","175.369,06 ","0,00 ","0,00 ","0,00 ","1.200,00 ","0,00 ","0,00 ","0,00 ","0,00 ","1.200,00 ","0,00 ","0,00 ","0,00 ","0,00 ","0,00 ","0,00 ","174.169,06 ","174.169,06 ","0,00 ","5.707,92 ","0,00 ","0,00 ","0,00 ","5.707,92 ","5.707,92 ","0,00 ","0,00 ","0,00 ","0,00 ","0,00 ","0,00 ","0,00 ","0,00 ","0,00 ","0,00 ","0,00 ","0,00 ","0,00 ","0,00 ","0,00 ","0,00 ","0,00 ","0,00 ","0,00 ","0,00 ","0,00 ","0,00 ","0,00 ","0,00 ","0,00 ","0,00 ","0,00 ","0,00 ","0,00 ","0,00 ","0,00 ","0,00 ","0,00 ","0,00 ","0,00 ","0,00 ","1.118.133,50 "
115.,171 ,OBČINA OPLOTNICA,"0,00 ","0,00 ","0,00 ","0,00 ","0,00 ","0,00 ","0,00 ","0,00 ","0,00 ","0,00 ","0,00 ","0,00 ","0,00 ","0,00 ","0,00 ","0,00 ","0,00 ","0,00 ","0,00 ","33.396,00 ","0,00 ","0,00 ","0,00 ","0,00 ","0,00 ","33.396,00 ","0,00 ","0,00 ","33.396,00 ","0,00 ","0,00 ","0,00 ","8.467,14 ","0,00 ","0,00 ","0,00 ","0,00 ","0,00 ","0,00 ","0,00 ","8.467,14 ","0,00 ","8.467,14 ","0,00 ","0,00 ","0,00 ","0,00 ","0,00 ","0,00 ","0,00 ","0,00 ","0,00 ","0,00 ","0,00 ","0,00 ","0,00 ","0,00 ","0,00 ","0,00 ","0,00 ","0,00 ","0,00 ","0,00 ","0,00 ","0,00 ","0,00 ","0,00 ","0,00 ","0,00 ","0,00 ","0,00 ","0,00 ","0,00 ","0,00 ","0,00 ","0,00 ","177.643,10 ","177.643,10 ","8.697,42 ","166.038,92 ","0,00 ","2.906,76 ","0,00 ","0,00 ","0,00 ","0,00 ","0,00 ","0,00 ","0,00 ","0,00 ","0,00 ","0,00 ","0,00 ","0,00 ","0,00 ","0,00 ","0,00 ","0,00 ","0,00 ","0,00 ","23.693,43 ","0,00 ","0,00 ","23.693,43 ","0,00 ","23.693,43 ","0,00 ","0,00 ","0,00 ","0,00 ","0,00 ","0,00 ","0,00 ","59.321,30 ","13.464,94 ","13.464,94 ","0,00 ","0,00 ","18.540,80 ","4.063,61 ","13.217,19 ","1.260,00 ","0,00 ","0,00 ","0,00 ","0,00 ","0,00 ","0,00 ","27.315,56 ","0,00 ","27.315,56 ","0,00 ","0,00 ","0,00 ","0,00 ","0,00 ","0,00 ","0,00 ","0,00 ","0,00 ","0,00 ","0,00 ","0,00 ","1.231.879,03 ","412.155,02 ","412.155,02 ","0,00 ","819.203,02 ","0,00 ","0,00 ","0,00 ","0,00 ","819.203,02 ","0,00 ","0,00 ","0,00 ","0,00 ","0,00 ","0,00 ","520,99 ","0,00 ","520,99 ","348.337,03 ","0,00 ","0,00 ","0,00 ","348.337,03 ","348.337,03 ","0,00 ","0,00 ","0,00 ","0,00 ","0,00 ","0,00 ","0,00 ","0,00 ","0,00 ","0,00 ","0,00 ","0,00 ","0,00 ","0,00 ","0,00 ","0,00 ","0,00 ","0,00 ","0,00 ","0,00 ","0,00 ","0,00 ","0,00 ","0,00 ","0,00 ","0,00 ","0,00 ","0,00 ","0,00 ","0,00 ","0,00 ","0,00 ","0,00 ","0,00 ","0,00 ","0,00 ","1.882.737,03 "
116.,87 ,OBČINA ORMOŽ,"2.447,20 ","2.447,20 ","2.447,20 ","0,00 ","0,00 ","0,00 ","0,00 ","0,00 ","0,00 ","0,00 ","0,00 ","0,00 ","0,00 ","0,00 ","0,00 ","0,00 ","0,00 ","0,00 ","0,00 ","83.034,29 ","0,00 ","0,00 ","0,00 ","0,00 ","0,00 ","83.034,29 ","0,00 ","0,00 ","83.034,29 ","0,00 ","0,00 ","0,00 ","40.518,93 ","0,00 ","0,00 ","0,00 ","0,00 ","657,79 ","657,79 ","0,00 ","39.861,14 ","0,00 ","39.861,14 ","0,00 ","0,00 ","0,00 ","0,00 ","0,00 ","0,00 ","0,00 ","0,00 ","0,00 ","0,00 ","0,00 ","17.628,00 ","17.628,00 ","0,00 ","0,00 ","17.628,00 ","0,00 ","0,00 ","0,00 ","0,00 ","0,00 ","0,00 ","0,00 ","0,00 ","0,00 ","0,00 ","0,00 ","0,00 ","0,00 ","0,00 ","0,00 ","0,00 ","0,00 ","2.702.931,09 ","1.995.730,09 ","0,00 ","1.869.553,33 ","72.091,09 ","54.085,67 ","0,00 ","0,00 ","0,00 ","0,00 ","0,00 ","0,00 ","0,00 ","0,00 ","707.201,00 ","707.201,00 ","51.528,39 ","0,00 ","0,00 ","14.474,79 ","14.474,79 ","37.053,60 ","0,00 ","37.053,60 ","466.040,07 ","0,00 ","0,00 ","466.040,07 ","257.659,29 ","208.380,78 ","0,00 ","0,00 ","0,00 ","0,00 ","0,00 ","0,00 ","0,00 ","457.928,87 ","22.250,60 ","0,00 ","0,00 ","22.250,60 ","282.833,93 ","179.289,99 ","96.834,32 ","6.709,62 ","0,00 ","0,00 ","0,00 ","0,00 ","0,00 ","0,00 ","152.844,34 ","0,00 ","152.844,34 ","0,00 ","0,00 ","0,00 ","0,00 ","0,00 ","0,00 ","0,00 ","0,00 ","0,00 ","0,00 ","0,00 ","0,00 ","399.250,91 ","335.666,40 ","335.666,40 ","0,00 ","26.958,99 ","0,00 ","0,00 ","15.000,00 ","0,00 ","11.958,99 ","0,00 ","0,00 ","0,00 ","0,00 ","0,00 ","0,00 ","36.625,52 ","36.625,52 ","0,00 ","613.335,92 ","17.514,18 ","17.514,18 ","0,00 ","595.821,74 ","595.821,74 ","0,00 ","0,00 ","0,00 ","0,00 ","0,00 ","0,00 ","0,00 ","0,00 ","0,00 ","0,00 ","0,00 ","0,00 ","0,00 ","0,00 ","0,00 ","0,00 ","0,00 ","0,00 ","0,00 ","0,00 ","0,00 ","0,00 ","0,00 ","0,00 ","0,00 ","0,00 ","0,00 ","0,00 ","0,00 ","0,00 ","7.680,38 ","7.680,38 ","0,00 ","7.680,38 ","0,00 ","0,00 ","4.842.324,05 "
117.,88 ,OBČINA OSILNICA,"0,00 ","0,00 ","0,00 ","0,00 ","0,00 ","0,00 ","0,00 ","0,00 ","0,00 ","0,00 ","0,00 ","0,00 ","0,00 ","0,00 ","0,00 ","0,00 ","0,00 ","0,00 ","0,00 ","0,00 ","0,00 ","0,00 ","0,00 ","0,00 ","0,00 ","0,00 ","0,00 ","0,00 ","0,00 ","0,00 ","0,00 ","0,00 ","2.083,86 ","0,00 ","0,00 ","0,00 ","0,00 ","0,00 ","0,00 ","0,00 ","2.083,86 ","0,00 ","2.083,86 ","2.500,00 ","2.500,00 ","0,00 ","2.500,00 ","0,00 ","0,00 ","0,00 ","0,00 ","0,00 ","0,00 ","0,00 ","0,00 ","0,00 ","0,00 ","0,00 ","0,00 ","0,00 ","0,00 ","0,00 ","0,00 ","0,00 ","0,00 ","0,00 ","0,00 ","0,00 ","0,00 ","0,00 ","0,00 ","0,00 ","0,00 ","0,00 ","0,00 ","0,00 ","239.951,74 ","239.951,74 ","0,00 ","239.951,74 ","0,00 ","0,00 ","0,00 ","0,00 ","0,00 ","0,00 ","0,00 ","0,00 ","0,00 ","0,00 ","0,00 ","0,00 ","0,00 ","0,00 ","0,00 ","0,00 ","0,00 ","0,00 ","0,00 ","0,00 ","0,00 ","0,00 ","0,00 ","0,00 ","0,00 ","0,00 ","0,00 ","0,00 ","0,00 ","0,00 ","0,00 ","0,00 ","0,00 ","96.230,86 ","0,00 ","0,00 ","0,00 ","0,00 ","96.230,86 ","94.900,86 ","1.330,00 ","0,00 ","0,00 ","0,00 ","0,00 ","0,00 ","0,00 ","0,00 ","0,00 ","0,00 ","0,00 ","53.259,57 ","53.259,57 ","53.259,57 ","0,00 ","0,00 ","0,00 ","0,00 ","0,00 ","0,00 ","0,00 ","0,00 ","0,00 ","0,00 ","0,00 ","0,00 ","0,00 ","0,00 ","0,00 ","0,00 ","0,00 ","0,00 ","0,00 ","0,00 ","0,00 ","0,00 ","0,00 ","0,00 ","0,00 ","0,00 ","0,00 ","0,00 ","6.818,39 ","0,00 ","0,00 ","0,00 ","6.818,39 ","6.818,39 ","0,00 ","0,00 ","0,00 ","0,00 ","0,00 ","0,00 ","0,00 ","0,00 ","0,00 ","0,00 ","0,00 ","0,00 ","0,00 ","0,00 ","17.331,64 ","0,00 ","0,00 ","0,00 ","0,00 ","17.331,64 ","0,00 ","0,00 ","17.331,64 ","0,00 ","0,00 ","0,00 ","0,00 ","0,00 ","0,00 ","0,00 ","0,00 ","0,00 ","0,00 ","0,00 ","0,00 ","0,00 ","418.176,06 "
118.,89 ,OBČINA PESNICA,"0,00 ","0,00 ","0,00 ","0,00 ","0,00 ","0,00 ","0,00 ","0,00 ","0,00 ","0,00 ","0,00 ","0,00 ","0,00 ","0,00 ","0,00 ","0,00 ","0,00 ","0,00 ","0,00 ","0,00 ","0,00 ","0,00 ","0,00 ","0,00 ","0,00 ","0,00 ","0,00 ","0,00 ","0,00 ","0,00 ","0,00 ","0,00 ","2.366,71 ","0,00 ","0,00 ","0,00 ","0,00 ","0,00 ","0,00 ","0,00 ","2.366,71 ","0,00 ","2.366,71 ","558,00 ","558,00 ","558,00 ","0,00 ","0,00 ","0,00 ","0,00 ","0,00 ","0,00 ","0,00 ","0,00 ","0,00 ","0,00 ","0,00 ","0,00 ","0,00 ","0,00 ","0,00 ","0,00 ","0,00 ","0,00 ","0,00 ","0,00 ","0,00 ","0,00 ","0,00 ","0,00 ","0,00 ","0,00 ","0,00 ","0,00 ","0,00 ","0,00 ","548.403,39 ","548.403,39 ","71.121,76 ","477.281,63 ","0,00 ","0,00 ","0,00 ","0,00 ","0,00 ","0,00 ","0,00 ","0,00 ","0,00 ","0,00 ","0,00 ","0,00 ","0,00 ","0,00 ","0,00 ","0,00 ","0,00 ","0,00 ","0,00 ","0,00 ","196.719,45 ","0,00 ","0,00 ","194.399,22 ","0,00 ","194.399,22 ","0,00 ","2.320,23 ","2.320,23 ","0,00 ","0,00 ","0,00 ","0,00 ","103.652,04 ","0,00 ","0,00 ","0,00 ","0,00 ","36.186,04 ","0,00 ","36.186,04 ","0,00 ","0,00 ","0,00 ","0,00 ","0,00 ","0,00 ","0,00 ","67.466,00 ","0,00 ","67.466,00 ","0,00 ","0,00 ","0,00 ","0,00 ","0,00 ","0,00 ","0,00 ","0,00 ","0,00 ","0,00 ","0,00 ","0,00 ","0,00 ","0,00 ","0,00 ","0,00 ","0,00 ","0,00 ","0,00 ","0,00 ","0,00 ","0,00 ","0,00 ","0,00 ","0,00 ","0,00 ","0,00 ","0,00 ","0,00 ","0,00 ","0,00 ","1.172.647,40 ","34.118,40 ","34.118,40 ","0,00 ","1.138.529,00 ","1.138.529,00 ","0,00 ","0,00 ","0,00 ","0,00 ","0,00 ","0,00 ","0,00 ","0,00 ","0,00 ","0,00 ","0,00 ","0,00 ","0,00 ","0,00 ","0,00 ","0,00 ","0,00 ","0,00 ","0,00 ","0,00 ","0,00 ","0,00 ","0,00 ","0,00 ","0,00 ","0,00 ","0,00 ","0,00 ","0,00 ","0,00 ","0,00 ","0,00 ","0,00 ","0,00 ","0,00 ","0,00 ","2.024.346,99 "
119.,90 ,OBČINA PIRAN,"0,00 ","0,00 ","0,00 ","0,00 ","0,00 ","0,00 ","0,00 ","0,00 ","0,00 ","0,00 ","0,00 ","0,00 ","0,00 ","0,00 ","0,00 ","0,00 ","0,00 ","0,00 ","0,00 ","1.140.987,53 ","0,00 ","0,00 ","24.062,53 ","10.305,45 ","13.757,08 ","1.116.925,00 ","0,00 ","0,00 ","1.116.925,00 ","0,00 ","0,00 ","0,00 ","176.014,50 ","0,00 ","0,00 ","0,00 ","0,00 ","101.504,39 ","101.504,39 ","0,00 ","74.510,11 ","0,00 ","74.510,11 ","3.806,78 ","3.806,78 ","3.806,78 ","0,00 ","0,00 ","0,00 ","0,00 ","0,00 ","0,00 ","0,00 ","0,00 ","48.039,60 ","0,00 ","0,00 ","0,00 ","0,00 ","0,00 ","0,00 ","0,00 ","0,00 ","0,00 ","0,00 ","48.039,60 ","48.039,60 ","0,00 ","0,00 ","0,00 ","0,00 ","0,00 ","0,00 ","0,00 ","0,00 ","0,00 ","2.870.562,54 ","2.870.562,54 ","79.803,12 ","2.457.430,33 ","79.038,95 ","213.652,19 ","0,00 ","40.637,95 ","0,00 ","0,00 ","0,00 ","0,00 ","0,00 ","0,00 ","0,00 ","0,00 ","0,00 ","0,00 ","0,00 ","0,00 ","0,00 ","0,00 ","0,00 ","0,00 ","8.182.647,58 ","0,00 ","0,00 ","8.156.138,52 ","0,00 ","8.156.138,52 ","0,00 ","0,00 ","0,00 ","0,00 ","0,00 ","26.509,06 ","26.509,06 ","2.152.702,35 ","0,00 ","0,00 ","0,00 ","0,00 ","898.743,00 ","65.603,75 ","0,00 ","805.910,05 ","0,00 ","27.229,20 ","0,00 ","0,00 ","0,00 ","0,00 ","1.253.959,35 ","984.017,52 ","269.941,83 ","0,00 ","0,00 ","0,00 ","0,00 ","0,00 ","0,00 ","0,00 ","0,00 ","0,00 ","0,00 ","0,00 ","0,00 ","792.340,49 ","17.875,40 ","17.875,40 ","0,00 ","711.121,44 ","0,00 ","0,00 ","0,00 ","0,00 ","711.121,44 ","0,00 ","0,00 ","0,00 ","0,00 ","0,00 ","0,00 ","63.343,65 ","0,00 ","63.343,65 ","614.794,08 ","353.496,08 ","353.496,08 ","0,00 ","261.298,00 ","256.498,00 ","4.800,00 ","0,00 ","0,00 ","0,00 ","0,00 ","0,00 ","0,00 ","0,00 ","0,00 ","0,00 ","0,00 ","0,00 ","0,00 ","0,00 ","0,00 ","0,00 ","0,00 ","0,00 ","0,00 ","0,00 ","0,00 ","0,00 ","0,00 ","0,00 ","0,00 ","0,00 ","0,00 ","0,00 ","0,00 ","0,00 ","0,00 ","0,00 ","0,00 ","0,00 ","0,00 ","0,00 ","15.981.895,45 "
120.,91 ,OBČINA PIVKA,"0,00 ","0,00 ","0,00 ","0,00 ","0,00 ","0,00 ","0,00 ","0,00 ","0,00 ","0,00 ","0,00 ","0,00 ","0,00 ","0,00 ","0,00 ","0,00 ","0,00 ","0,00 ","0,00 ","47.675,85 ","0,00 ","0,00 ","0,00 ","0,00 ","0,00 ","47.675,85 ","0,00 ","0,00 ","47.675,85 ","0,00 ","0,00 ","0,00 ","42.325,91 ","0,00 ","0,00 ","0,00 ","0,00 ","0,00 ","0,00 ","0,00 ","42.325,91 ","0,00 ","42.325,91 ","0,00 ","0,00 ","0,00 ","0,00 ","0,00 ","0,00 ","0,00 ","0,00 ","0,00 ","0,00 ","0,00 ","624,00 ","624,00 ","0,00 ","624,00 ","0,00 ","0,00 ","0,00 ","0,00 ","0,00 ","0,00 ","0,00 ","0,00 ","0,00 ","0,00 ","0,00 ","0,00 ","0,00 ","0,00 ","0,00 ","0,00 ","0,00 ","0,00 ","1.533.094,33 ","1.510.946,33 ","25.398,00 ","367.477,34 ","1.099.228,63 ","0,00 ","1.080,00 ","17.762,36 ","22.148,00 ","22.148,00 ","0,00 ","0,00 ","0,00 ","0,00 ","0,00 ","0,00 ","73.717,56 ","0,00 ","0,00 ","73.717,56 ","73.717,56 ","0,00 ","0,00 ","0,00 ","245.418,13 ","0,00 ","0,00 ","245.418,13 ","43.231,20 ","202.186,93 ","0,00 ","0,00 ","0,00 ","0,00 ","0,00 ","0,00 ","0,00 ","343.159,46 ","81.349,20 ","240,00 ","0,00 ","81.109,20 ","261.810,26 ","240.780,26 ","13.080,00 ","0,00 ","0,00 ","7.950,00 ","0,00 ","0,00 ","0,00 ","0,00 ","0,00 ","0,00 ","0,00 ","0,00 ","0,00 ","0,00 ","0,00 ","0,00 ","0,00 ","0,00 ","0,00 ","0,00 ","0,00 ","0,00 ","0,00 ","411.757,06 ","7.171,51 ","7.171,51 ","0,00 ","229.279,33 ","0,00 ","0,00 ","0,00 ","0,00 ","229.279,33 ","0,00 ","0,00 ","0,00 ","0,00 ","0,00 ","0,00 ","175.306,22 ","175.306,22 ","0,00 ","159.120,95 ","102.543,85 ","102.543,85 ","0,00 ","56.577,10 ","56.577,10 ","0,00 ","0,00 ","0,00 ","0,00 ","0,00 ","0,00 ","0,00 ","0,00 ","0,00 ","0,00 ","0,00 ","0,00 ","0,00 ","0,00 ","0,00 ","0,00 ","0,00 ","0,00 ","0,00 ","0,00 ","0,00 ","0,00 ","0,00 ","0,00 ","0,00 ","0,00 ","0,00 ","0,00 ","0,00 ","0,00 ","0,00 ","0,00 ","0,00 ","0,00 ","0,00 ","0,00 ","2.856.893,25 "
121.,92 ,OBČINA PODČETRTEK,"0,00 ","0,00 ","0,00 ","0,00 ","0,00 ","0,00 ","0,00 ","0,00 ","0,00 ","0,00 ","0,00 ","0,00 ","0,00 ","0,00 ","0,00 ","0,00 ","0,00 ","0,00 ","0,00 ","0,00 ","0,00 ","0,00 ","0,00 ","0,00 ","0,00 ","0,00 ","0,00 ","0,00 ","0,00 ","0,00 ","0,00 ","0,00 ","3.126,38 ","0,00 ","0,00 ","0,00 ","0,00 ","0,00 ","0,00 ","0,00 ","3.126,38 ","0,00 ","3.126,38 ","0,00 ","0,00 ","0,00 ","0,00 ","0,00 ","0,00 ","0,00 ","0,00 ","0,00 ","0,00 ","0,00 ","0,00 ","0,00 ","0,00 ","0,00 ","0,00 ","0,00 ","0,00 ","0,00 ","0,00 ","0,00 ","0,00 ","0,00 ","0,00 ","0,00 ","0,00 ","0,00 ","0,00 ","0,00 ","0,00 ","0,00 ","0,00 ","0,00 ","1.954.744,39 ","1.954.744,39 ","2.069,55 ","1.843.848,01 ","108.826,83 ","0,00 ","0,00 ","0,00 ","0,00 ","0,00 ","0,00 ","0,00 ","0,00 ","0,00 ","0,00 ","0,00 ","35.081,19 ","0,00 ","0,00 ","0,00 ","0,00 ","35.081,19 ","0,00 ","35.081,19 ","16.890,00 ","0,00 ","0,00 ","16.890,00 ","0,00 ","16.890,00 ","0,00 ","0,00 ","0,00 ","0,00 ","0,00 ","0,00 ","0,00 ","1.813.205,76 ","11.867,80 ","0,00 ","0,00 ","11.867,80 ","1.801.337,96 ","0,00 ","6.300,44 ","1.795.037,52 ","0,00 ","0,00 ","0,00 ","0,00 ","0,00 ","0,00 ","0,00 ","0,00 ","0,00 ","0,00 ","0,00 ","0,00 ","0,00 ","0,00 ","0,00 ","0,00 ","0,00 ","0,00 ","0,00 ","0,00 ","0,00 ","303.148,77 ","0,00 ","0,00 ","0,00 ","0,00 ","0,00 ","0,00 ","0,00 ","0,00 ","0,00 ","0,00 ","0,00 ","0,00 ","0,00 ","0,00 ","0,00 ","303.148,77 ","303.148,77 ","0,00 ","47.520,00 ","47.520,00 ","47.520,00 ","0,00 ","0,00 ","0,00 ","0,00 ","0,00 ","0,00 ","0,00 ","0,00 ","0,00 ","0,00 ","0,00 ","0,00 ","0,00 ","0,00 ","0,00 ","0,00 ","0,00 ","0,00 ","0,00 ","0,00 ","0,00 ","0,00 ","0,00 ","0,00 ","0,00 ","0,00 ","0,00 ","0,00 ","0,00 ","0,00 ","0,00 ","0,00 ","0,00 ","0,00 ","0,00 ","0,00 ","0,00 ","0,00 ","0,00 ","4.173.716,49 "
122.,172 ,OBČINA PODLEHNIK,"0,00 ","0,00 ","0,00 ","0,00 ","0,00 ","0,00 ","0,00 ","0,00 ","0,00 ","0,00 ","0,00 ","0,00 ","0,00 ","0,00 ","0,00 ","0,00 ","0,00 ","0,00 ","0,00 ","54.212,14 ","0,00 ","0,00 ","0,00 ","0,00 ","0,00 ","54.212,14 ","0,00 ","0,00 ","54.212,14 ","0,00 ","0,00 ","0,00 ","167.519,36 ","0,00 ","0,00 ","0,00 ","0,00 ","0,00 ","0,00 ","0,00 ","167.519,36 ","167.519,36 ","0,00 ","0,00 ","0,00 ","0,00 ","0,00 ","0,00 ","0,00 ","0,00 ","0,00 ","0,00 ","0,00 ","0,00 ","0,00 ","0,00 ","0,00 ","0,00 ","0,00 ","0,00 ","0,00 ","0,00 ","0,00 ","0,00 ","0,00 ","0,00 ","0,00 ","0,00 ","0,00 ","0,00 ","0,00 ","0,00 ","0,00 ","0,00 ","0,00 ","0,00 ","579.758,82 ","579.758,82 ","0,00 ","579.758,82 ","0,00 ","0,00 ","0,00 ","0,00 ","0,00 ","0,00 ","0,00 ","0,00 ","0,00 ","0,00 ","0,00 ","0,00 ","0,00 ","0,00 ","0,00 ","0,00 ","0,00 ","0,00 ","0,00 ","0,00 ","10.975,13 ","0,00 ","0,00 ","10.975,13 ","2.983,82 ","7.991,31 ","0,00 ","0,00 ","0,00 ","0,00 ","0,00 ","0,00 ","0,00 ","92.998,44 ","23.134,96 ","0,00 ","0,00 ","23.134,96 ","42.459,66 ","42.459,66 ","0,00 ","0,00 ","0,00 ","0,00 ","0,00 ","0,00 ","0,00 ","0,00 ","27.403,82 ","0,00 ","27.403,82 ","0,00 ","0,00 ","0,00 ","0,00 ","0,00 ","0,00 ","0,00 ","0,00 ","0,00 ","0,00 ","0,00 ","0,00 ","28.817,74 ","0,00 ","0,00 ","0,00 ","0,00 ","0,00 ","0,00 ","0,00 ","0,00 ","0,00 ","0,00 ","0,00 ","0,00 ","0,00 ","0,00 ","0,00 ","28.817,74 ","28.817,74 ","0,00 ","0,00 ","0,00 ","0,00 ","0,00 ","0,00 ","0,00 ","0,00 ","0,00 ","0,00 ","0,00 ","0,00 ","0,00 ","0,00 ","0,00 ","0,00 ","0,00 ","0,00 ","0,00 ","0,00 ","0,00 ","0,00 ","0,00 ","0,00 ","0,00 ","0,00 ","0,00 ","0,00 ","0,00 ","0,00 ","0,00 ","0,00 ","0,00 ","0,00 ","0,00 ","0,00 ","0,00 ","0,00 ","0,00 ","0,00 ","0,00 ","0,00 ","0,00 ","934.281,63 "
123.,93 ,OBČINA PODVELKA,"0,00 ","0,00 ","0,00 ","0,00 ","0,00 ","0,00 ","0,00 ","0,00 ","0,00 ","0,00 ","0,00 ","0,00 ","0,00 ","0,00 ","0,00 ","0,00 ","0,00 ","0,00 ","0,00 ","164.212,83 ","0,00 ","0,00 ","0,00 ","0,00 ","0,00 ","164.212,83 ","0,00 ","0,00 ","164.212,83 ","0,00 ","0,00 ","0,00 ","2.033,74 ","0,00 ","0,00 ","0,00 ","0,00 ","0,00 ","0,00 ","0,00 ","2.033,74 ","0,00 ","2.033,74 ","2.040,00 ","2.040,00 ","2.040,00 ","0,00 ","0,00 ","0,00 ","0,00 ","0,00 ","0,00 ","0,00 ","0,00 ","0,00 ","0,00 ","0,00 ","0,00 ","0,00 ","0,00 ","0,00 ","0,00 ","0,00 ","0,00 ","0,00 ","0,00 ","0,00 ","0,00 ","0,00 ","0,00 ","0,00 ","0,00 ","0,00 ","0,00 ","0,00 ","0,00 ","1.071.970,65 ","1.071.970,65 ","0,00 ","1.071.970,65 ","0,00 ","0,00 ","0,00 ","0,00 ","0,00 ","0,00 ","0,00 ","0,00 ","0,00 ","0,00 ","0,00 ","0,00 ","86.105,56 ","0,00 ","0,00 ","86.105,56 ","86.105,56 ","0,00 ","0,00 ","0,00 ","230.055,01 ","0,00 ","0,00 ","230.055,01 ","168.665,61 ","61.389,40 ","0,00 ","0,00 ","0,00 ","0,00 ","0,00 ","0,00 ","0,00 ","85.014,59 ","3.600,00 ","0,00 ","0,00 ","3.600,00 ","3.986,47 ","3.364,47 ","0,00 ","622,00 ","0,00 ","0,00 ","59.882,97 ","0,00 ","59.882,97 ","0,00 ","17.545,15 ","0,00 ","17.545,15 ","0,00 ","0,00 ","0,00 ","0,00 ","0,00 ","0,00 ","0,00 ","0,00 ","0,00 ","0,00 ","0,00 ","0,00 ","26.100,79 ","0,00 ","0,00 ","0,00 ","3.097,04 ","0,00 ","0,00 ","0,00 ","0,00 ","3.097,04 ","0,00 ","0,00 ","0,00 ","0,00 ","0,00 ","0,00 ","23.003,75 ","23.003,75 ","0,00 ","0,00 ","0,00 ","0,00 ","0,00 ","0,00 ","0,00 ","0,00 ","0,00 ","0,00 ","0,00 ","0,00 ","0,00 ","0,00 ","0,00 ","0,00 ","0,00 ","0,00 ","0,00 ","0,00 ","0,00 ","0,00 ","0,00 ","0,00 ","0,00 ","0,00 ","0,00 ","0,00 ","0,00 ","0,00 ","0,00 ","0,00 ","0,00 ","0,00 ","0,00 ","0,00 ","0,00 ","0,00 ","0,00 ","0,00 ","0,00 ","0,00 ","0,00 ","1.667.533,17 "
124.,200 ,OBČINA POLJČANE,"0,00 ","0,00 ","0,00 ","0,00 ","0,00 ","0,00 ","0,00 ","0,00 ","0,00 ","0,00 ","0,00 ","0,00 ","0,00 ","0,00 ","0,00 ","0,00 ","0,00 ","0,00 ","0,00 ","0,00 ","0,00 ","0,00 ","0,00 ","0,00 ","0,00 ","0,00 ","0,00 ","0,00 ","0,00 ","0,00 ","0,00 ","0,00 ","34.091,68 ","0,00 ","0,00 ","0,00 ","0,00 ","0,00 ","0,00 ","0,00 ","34.091,68 ","30.947,68 ","3.144,00 ","0,00 ","0,00 ","0,00 ","0,00 ","0,00 ","0,00 ","0,00 ","0,00 ","0,00 ","0,00 ","0,00 ","0,00 ","0,00 ","0,00 ","0,00 ","0,00 ","0,00 ","0,00 ","0,00 ","0,00 ","0,00 ","0,00 ","0,00 ","0,00 ","0,00 ","0,00 ","0,00 ","0,00 ","0,00 ","0,00 ","0,00 ","0,00 ","0,00 ","785.659,03 ","785.659,03 ","0,00 ","704.651,82 ","0,00 ","17.890,45 ","0,00 ","63.116,76 ","0,00 ","0,00 ","0,00 ","0,00 ","0,00 ","0,00 ","0,00 ","0,00 ","33.853,72 ","0,00 ","0,00 ","0,00 ","0,00 ","33.853,72 ","0,00 ","33.853,72 ","34.853,64 ","0,00 ","0,00 ","34.853,64 ","0,00 ","34.853,64 ","0,00 ","0,00 ","0,00 ","0,00 ","0,00 ","0,00 ","0,00 ","298.699,97 ","90.906,82 ","0,00 ","0,00 ","90.906,82 ","55.984,15 ","8.036,39 ","47.566,26 ","381,50 ","0,00 ","0,00 ","0,00 ","0,00 ","0,00 ","0,00 ","151.809,00 ","0,00 ","151.809,00 ","0,00 ","0,00 ","0,00 ","0,00 ","0,00 ","0,00 ","0,00 ","0,00 ","0,00 ","0,00 ","0,00 ","0,00 ","77.193,53 ","4.490,00 ","4.490,00 ","0,00 ","0,00 ","0,00 ","0,00 ","0,00 ","0,00 ","0,00 ","0,00 ","0,00 ","0,00 ","0,00 ","0,00 ","0,00 ","72.703,53 ","72.703,53 ","0,00 ","706.373,86 ","51.716,20 ","51.716,20 ","0,00 ","654.657,66 ","654.657,66 ","0,00 ","0,00 ","0,00 ","0,00 ","0,00 ","0,00 ","0,00 ","0,00 ","0,00 ","0,00 ","0,00 ","0,00 ","0,00 ","0,00 ","0,00 ","0,00 ","0,00 ","0,00 ","0,00 ","0,00 ","0,00 ","0,00 ","0,00 ","0,00 ","0,00 ","0,00 ","0,00 ","0,00 ","0,00 ","0,00 ","0,00 ","0,00 ","0,00 ","0,00 ","0,00 ","0,00 ","1.970.725,43 "
125.,173 ,OBČINA POLZELA,"0,00 ","0,00 ","0,00 ","0,00 ","0,00 ","0,00 ","0,00 ","0,00 ","0,00 ","0,00 ","0,00 ","0,00 ","0,00 ","0,00 ","0,00 ","0,00 ","0,00 ","0,00 ","0,00 ","0,00 ","0,00 ","0,00 ","0,00 ","0,00 ","0,00 ","0,00 ","0,00 ","0,00 ","0,00 ","0,00 ","0,00 ","0,00 ","160.841,91 ","0,00 ","0,00 ","0,00 ","0,00 ","0,00 ","0,00 ","0,00 ","160.841,91 ","0,00 ","160.841,91 ","0,00 ","0,00 ","0,00 ","0,00 ","0,00 ","0,00 ","0,00 ","0,00 ","0,00 ","0,00 ","0,00 ","0,00 ","0,00 ","0,00 ","0,00 ","0,00 ","0,00 ","0,00 ","0,00 ","0,00 ","0,00 ","0,00 ","0,00 ","0,00 ","0,00 ","0,00 ","0,00 ","0,00 ","0,00 ","0,00 ","0,00 ","0,00 ","0,00 ","159.127,88 ","111.607,88 ","0,00 ","111.607,88 ","0,00 ","0,00 ","0,00 ","0,00 ","47.520,00 ","47.520,00 ","0,00 ","0,00 ","0,00 ","0,00 ","0,00 ","0,00 ","15.903,50 ","0,00 ","0,00 ","0,00 ","0,00 ","15.903,50 ","0,00 ","15.903,50 ","121.081,33 ","0,00 ","0,00 ","121.081,33 ","0,00 ","121.081,33 ","0,00 ","0,00 ","0,00 ","0,00 ","0,00 ","0,00 ","0,00 ","483.272,72 ","47.141,10 ","0,00 ","0,00 ","47.141,10 ","40.170,91 ","16.296,00 ","0,00 ","23.874,91 ","0,00 ","0,00 ","296.833,29 ","0,00 ","296.833,29 ","0,00 ","99.127,42 ","15.429,42 ","83.698,00 ","0,00 ","0,00 ","0,00 ","0,00 ","0,00 ","0,00 ","0,00 ","0,00 ","0,00 ","0,00 ","0,00 ","0,00 ","845.562,62 ","844.362,62 ","844.362,62 ","0,00 ","1.200,00 ","0,00 ","0,00 ","0,00 ","0,00 ","1.200,00 ","0,00 ","0,00 ","0,00 ","0,00 ","0,00 ","0,00 ","0,00 ","0,00 ","0,00 ","0,00 ","0,00 ","0,00 ","0,00 ","0,00 ","0,00 ","0,00 ","0,00 ","0,00 ","0,00 ","0,00 ","0,00 ","0,00 ","0,00 ","0,00 ","0,00 ","0,00 ","0,00 ","0,00 ","0,00 ","0,00 ","0,00 ","0,00 ","0,00 ","0,00 ","0,00 ","0,00 ","0,00 ","0,00 ","0,00 ","0,00 ","0,00 ","0,00 ","0,00 ","0,00 ","0,00 ","0,00 ","0,00 ","0,00 ","0,00 ","0,00 ","0,00 ","1.785.789,96 "
126.,94 ,OBČINA POSTOJNA,"0,00 ","0,00 ","0,00 ","0,00 ","0,00 ","0,00 ","0,00 ","0,00 ","0,00 ","0,00 ","0,00 ","0,00 ","0,00 ","0,00 ","0,00 ","0,00 ","0,00 ","0,00 ","0,00 ","0,00 ","0,00 ","0,00 ","0,00 ","0,00 ","0,00 ","0,00 ","0,00 ","0,00 ","0,00 ","0,00 ","0,00 ","0,00 ","56.265,67 ","0,00 ","0,00 ","0,00 ","0,00 ","6.482,42 ","6.482,42 ","0,00 ","49.783,25 ","9.174,90 ","40.608,35 ","28.483,86 ","28.483,86 ","0,00 ","28.483,86 ","0,00 ","0,00 ","0,00 ","0,00 ","0,00 ","0,00 ","0,00 ","0,00 ","0,00 ","0,00 ","0,00 ","0,00 ","0,00 ","0,00 ","0,00 ","0,00 ","0,00 ","0,00 ","0,00 ","0,00 ","0,00 ","0,00 ","0,00 ","0,00 ","0,00 ","0,00 ","0,00 ","0,00 ","0,00 ","4.886.563,11 ","2.591.864,09 ","0,00 ","2.273.815,35 ","318.048,74 ","0,00 ","0,00 ","0,00 ","0,00 ","0,00 ","0,00 ","0,00 ","0,00 ","0,00 ","2.294.699,02 ","2.294.699,02 ","4.128,00 ","0,00 ","0,00 ","0,00 ","0,00 ","4.128,00 ","0,00 ","4.128,00 ","580.845,64 ","0,00 ","0,00 ","580.845,64 ","18.973,20 ","561.872,44 ","0,00 ","0,00 ","0,00 ","0,00 ","0,00 ","0,00 ","0,00 ","1.539.910,21 ","146.137,34 ","5.533,92 ","0,00 ","140.603,42 ","249.578,47 ","24.644,50 ","213.772,53 ","11.161,44 ","0,00 ","0,00 ","64.189,90 ","0,00 ","64.189,90 ","0,00 ","1.080.004,50 ","5.200,00 ","1.074.804,50 ","0,00 ","0,00 ","0,00 ","0,00 ","0,00 ","0,00 ","0,00 ","0,00 ","0,00 ","0,00 ","0,00 ","0,00 ","1.314.085,37 ","22.985,10 ","22.985,10 ","0,00 ","1.104.278,20 ","26.500,00 ","0,00 ","0,00 ","0,00 ","1.077.778,20 ","0,00 ","0,00 ","0,00 ","0,00 ","0,00 ","0,00 ","186.822,07 ","186.822,07 ","0,00 ","497.624,28 ","341.004,96 ","341.004,96 ","0,00 ","156.619,32 ","156.619,32 ","0,00 ","0,00 ","0,00 ","0,00 ","0,00 ","0,00 ","0,00 ","0,00 ","0,00 ","0,00 ","0,00 ","0,00 ","0,00 ","0,00 ","0,00 ","0,00 ","0,00 ","0,00 ","0,00 ","0,00 ","0,00 ","0,00 ","0,00 ","0,00 ","0,00 ","0,00 ","0,00 ","0,00 ","0,00 ","0,00 ","4.358,22 ","4.358,22 ","0,00 ","4.358,22 ","0,00 ","0,00 ","8.912.264,36 "
127.,174 ,OBČINA PREBOLD,"0,00 ","0,00 ","0,00 ","0,00 ","0,00 ","0,00 ","0,00 ","0,00 ","0,00 ","0,00 ","0,00 ","0,00 ","0,00 ","0,00 ","0,00 ","0,00 ","0,00 ","0,00 ","0,00 ","41.796,95 ","0,00 ","0,00 ","0,00 ","0,00 ","0,00 ","41.796,95 ","0,00 ","0,00 ","41.796,95 ","0,00 ","0,00 ","0,00 ","216.902,11 ","0,00 ","0,00 ","0,00 ","0,00 ","0,00 ","0,00 ","0,00 ","216.902,11 ","0,00 ","216.902,11 ","0,00 ","0,00 ","0,00 ","0,00 ","0,00 ","0,00 ","0,00 ","0,00 ","491,38 ","491,38 ","491,38 ","0,00 ","0,00 ","0,00 ","0,00 ","0,00 ","0,00 ","0,00 ","0,00 ","0,00 ","0,00 ","0,00 ","0,00 ","0,00 ","0,00 ","0,00 ","0,00 ","0,00 ","0,00 ","0,00 ","0,00 ","0,00 ","0,00 ","3.076.667,96 ","3.069.038,42 ","0,00 ","3.050.187,09 ","0,00 ","18.851,33 ","0,00 ","0,00 ","0,00 ","0,00 ","0,00 ","0,00 ","0,00 ","0,00 ","7.629,54 ","7.629,54 ","0,00 ","0,00 ","0,00 ","0,00 ","0,00 ","0,00 ","0,00 ","0,00 ","18.278,49 ","0,00 ","0,00 ","18.278,49 ","10.019,52 ","8.258,97 ","0,00 ","0,00 ","0,00 ","0,00 ","0,00 ","0,00 ","0,00 ","378.937,22 ","50.596,98 ","0,00 ","0,00 ","50.596,98 ","15.378,80 ","0,00 ","504,00 ","14.874,80 ","0,00 ","0,00 ","184.565,55 ","0,00 ","176.857,86 ","7.707,69 ","128.395,89 ","124.277,89 ","4.118,00 ","0,00 ","0,00 ","0,00 ","0,00 ","0,00 ","0,00 ","0,00 ","0,00 ","0,00 ","0,00 ","0,00 ","0,00 ","2.418,71 ","0,00 ","0,00 ","0,00 ","2.418,71 ","0,00 ","0,00 ","0,00 ","0,00 ","2.418,71 ","0,00 ","0,00 ","0,00 ","0,00 ","0,00 ","0,00 ","0,00 ","0,00 ","0,00 ","125.819,50 ","0,00 ","0,00 ","0,00 ","125.819,50 ","125.819,50 ","0,00 ","0,00 ","0,00 ","0,00 ","0,00 ","0,00 ","0,00 ","0,00 ","0,00 ","0,00 ","0,00 ","0,00 ","0,00 ","0,00 ","0,00 ","0,00 ","0,00 ","0,00 ","0,00 ","0,00 ","0,00 ","0,00 ","0,00 ","0,00 ","0,00 ","0,00 ","0,00 ","0,00 ","0,00 ","0,00 ","0,00 ","0,00 ","0,00 ","0,00 ","0,00 ","0,00 ","3.861.312,32 "
128.,95 ,OBČINA PREDDVOR,"0,00 ","0,00 ","0,00 ","0,00 ","0,00 ","0,00 ","0,00 ","0,00 ","0,00 ","0,00 ","0,00 ","0,00 ","0,00 ","0,00 ","0,00 ","0,00 ","0,00 ","0,00 ","0,00 ","0,00 ","0,00 ","0,00 ","0,00 ","0,00 ","0,00 ","0,00 ","0,00 ","0,00 ","0,00 ","0,00 ","0,00 ","0,00 ","36.636,45 ","0,00 ","0,00 ","0,00 ","0,00 ","0,00 ","0,00 ","0,00 ","36.636,45 ","0,00 ","36.636,45 ","0,00 ","0,00 ","0,00 ","0,00 ","0,00 ","0,00 ","0,00 ","0,00 ","0,00 ","0,00 ","0,00 ","0,00 ","0,00 ","0,00 ","0,00 ","0,00 ","0,00 ","0,00 ","0,00 ","0,00 ","0,00 ","0,00 ","0,00 ","0,00 ","98.520,49 ","0,00 ","0,00 ","0,00 ","0,00 ","0,00 ","0,00 ","98.520,49 ","98.520,49 ","342.195,10 ","342.195,10 ","282.353,55 ","41.672,29 ","0,00 ","18.169,26 ","0,00 ","0,00 ","0,00 ","0,00 ","0,00 ","0,00 ","0,00 ","0,00 ","0,00 ","0,00 ","26.312,80 ","0,00 ","0,00 ","0,00 ","0,00 ","26.312,80 ","0,00 ","26.312,80 ","954.298,82 ","0,00 ","0,00 ","954.298,82 ","0,00 ","954.298,82 ","0,00 ","0,00 ","0,00 ","0,00 ","0,00 ","0,00 ","0,00 ","140.520,50 ","23.547,82 ","0,00 ","0,00 ","23.547,82 ","1.570,78 ","1.570,78 ","0,00 ","0,00 ","0,00 ","0,00 ","115.401,90 ","0,00 ","0,00 ","115.401,90 ","0,00 ","0,00 ","0,00 ","101.702,00 ","101.702,00 ","101.702,00 ","0,00 ","0,00 ","0,00 ","0,00 ","0,00 ","0,00 ","0,00 ","0,00 ","0,00 ","7.248,30 ","0,00 ","0,00 ","0,00 ","5.250,00 ","0,00 ","0,00 ","0,00 ","0,00 ","5.250,00 ","0,00 ","0,00 ","0,00 ","0,00 ","0,00 ","0,00 ","1.998,30 ","1.998,30 ","0,00 ","457.537,88 ","405.301,37 ","405.301,37 ","0,00 ","52.236,51 ","52.236,51 ","0,00 ","0,00 ","0,00 ","0,00 ","0,00 ","0,00 ","0,00 ","0,00 ","0,00 ","0,00 ","0,00 ","0,00 ","0,00 ","0,00 ","0,00 ","0,00 ","0,00 ","0,00 ","0,00 ","0,00 ","0,00 ","0,00 ","0,00 ","0,00 ","0,00 ","0,00 ","0,00 ","0,00 ","0,00 ","0,00 ","0,00 ","0,00 ","0,00 ","0,00 ","0,00 ","0,00 ","2.164.972,34 "
129.,175 ,OBČINA PREVALJE,"0,00 ","0,00 ","0,00 ","0,00 ","0,00 ","0,00 ","0,00 ","0,00 ","0,00 ","0,00 ","0,00 ","0,00 ","0,00 ","0,00 ","0,00 ","0,00 ","0,00 ","0,00 ","0,00 ","0,00 ","0,00 ","0,00 ","0,00 ","0,00 ","0,00 ","0,00 ","0,00 ","0,00 ","0,00 ","0,00 ","0,00 ","0,00 ","11.055,25 ","0,00 ","0,00 ","0,00 ","0,00 ","180,00 ","180,00 ","0,00 ","10.875,25 ","10.875,25 ","0,00 ","0,00 ","0,00 ","0,00 ","0,00 ","0,00 ","0,00 ","0,00 ","0,00 ","0,00 ","0,00 ","0,00 ","0,00 ","0,00 ","0,00 ","0,00 ","0,00 ","0,00 ","0,00 ","0,00 ","0,00 ","0,00 ","0,00 ","0,00 ","0,00 ","0,00 ","0,00 ","0,00 ","0,00 ","0,00 ","0,00 ","0,00 ","0,00 ","0,00 ","478.279,08 ","478.279,08 ","0,00 ","446.994,82 ","0,00 ","26.788,70 ","0,00 ","4.495,56 ","0,00 ","0,00 ","0,00 ","0,00 ","0,00 ","0,00 ","0,00 ","0,00 ","4.020,00 ","0,00 ","0,00 ","4.020,00 ","4.020,00 ","0,00 ","0,00 ","0,00 ","564.109,93 ","0,00 ","0,00 ","564.109,93 ","445.676,74 ","118.433,19 ","0,00 ","0,00 ","0,00 ","0,00 ","0,00 ","0,00 ","0,00 ","217.254,90 ","67.747,86 ","0,00 ","0,00 ","67.747,86 ","58.508,58 ","26.348,99 ","0,00 ","32.159,59 ","0,00 ","0,00 ","31.433,07 ","0,00 ","31.433,07 ","0,00 ","59.565,39 ","0,00 ","59.565,39 ","0,00 ","0,00 ","0,00 ","0,00 ","0,00 ","0,00 ","0,00 ","0,00 ","0,00 ","0,00 ","0,00 ","0,00 ","287.437,59 ","0,00 ","0,00 ","0,00 ","287.437,59 ","0,00 ","0,00 ","0,00 ","0,00 ","287.437,59 ","0,00 ","0,00 ","0,00 ","0,00 ","0,00 ","0,00 ","0,00 ","0,00 ","0,00 ","122.675,12 ","20.750,40 ","20.750,40 ","0,00 ","101.924,72 ","101.924,72 ","0,00 ","0,00 ","0,00 ","0,00 ","0,00 ","0,00 ","0,00 ","0,00 ","0,00 ","0,00 ","0,00 ","0,00 ","0,00 ","0,00 ","0,00 ","0,00 ","0,00 ","0,00 ","0,00 ","0,00 ","0,00 ","0,00 ","0,00 ","0,00 ","0,00 ","0,00 ","0,00 ","0,00 ","0,00 ","0,00 ","0,00 ","0,00 ","0,00 ","0,00 ","0,00 ","0,00 ","1.684.831,87 "
130.,96 ,MESTNA OBČINA PTUJ,"0,00 ","0,00 ","0,00 ","0,00 ","0,00 ","0,00 ","0,00 ","0,00 ","0,00 ","0,00 ","0,00 ","0,00 ","0,00 ","0,00 ","0,00 ","0,00 ","0,00 ","0,00 ","0,00 ","128.060,42 ","0,00 ","0,00 ","0,00 ","0,00 ","0,00 ","128.060,42 ","0,00 ","522,00 ","127.538,42 ","0,00 ","0,00 ","0,00 ","205.754,11 ","0,00 ","0,00 ","0,00 ","0,00 ","0,00 ","0,00 ","0,00 ","205.754,11 ","18.340,12 ","187.413,99 ","9.991,20 ","9.991,20 ","9.991,20 ","0,00 ","0,00 ","0,00 ","0,00 ","0,00 ","0,00 ","0,00 ","0,00 ","0,00 ","0,00 ","0,00 ","0,00 ","0,00 ","0,00 ","0,00 ","0,00 ","0,00 ","0,00 ","0,00 ","0,00 ","0,00 ","15.000,00 ","15.000,00 ","15.000,00 ","0,00 ","0,00 ","0,00 ","0,00 ","0,00 ","0,00 ","3.068.743,00 ","3.029.840,99 ","116.641,70 ","2.910.559,29 ","0,00 ","2.640,00 ","0,00 ","0,00 ","0,00 ","0,00 ","0,00 ","0,00 ","38.902,01 ","38.902,01 ","0,00 ","0,00 ","0,00 ","0,00 ","0,00 ","0,00 ","0,00 ","0,00 ","0,00 ","0,00 ","16.984.235,54 ","0,00 ","0,00 ","81.600,51 ","0,00 ","81.600,51 ","0,00 ","16.902.635,03 ","16.902.635,03 ","0,00 ","0,00 ","0,00 ","0,00 ","224.352,38 ","6.720,00 ","0,00 ","0,00 ","6.720,00 ","55.088,28 ","1.582,42 ","0,00 ","22.275,82 ","0,00 ","31.230,04 ","0,00 ","0,00 ","0,00 ","0,00 ","162.544,10 ","0,00 ","162.544,10 ","0,00 ","0,00 ","0,00 ","0,00 ","0,00 ","0,00 ","0,00 ","0,00 ","0,00 ","0,00 ","0,00 ","0,00 ","416.874,31 ","97.511,80 ","97.511,80 ","0,00 ","18.896,80 ","0,00 ","0,00 ","18.896,80 ","0,00 ","0,00 ","0,00 ","0,00 ","0,00 ","0,00 ","0,00 ","0,00 ","300.465,71 ","300.465,71 ","0,00 ","764.465,84 ","40.895,22 ","40.895,22 ","0,00 ","723.570,62 ","723.570,62 ","0,00 ","0,00 ","0,00 ","0,00 ","0,00 ","0,00 ","0,00 ","0,00 ","0,00 ","0,00 ","0,00 ","0,00 ","0,00 ","0,00 ","0,00 ","0,00 ","0,00 ","0,00 ","0,00 ","0,00 ","0,00 ","0,00 ","0,00 ","0,00 ","0,00 ","0,00 ","0,00 ","0,00 ","0,00 ","0,00 ","0,00 ","0,00 ","0,00 ","0,00 ","0,00 ","0,00 ","21.817.476,80 "
131.,97 ,OBČINA PUCONCI,"0,00 ","0,00 ","0,00 ","0,00 ","0,00 ","0,00 ","0,00 ","0,00 ","0,00 ","0,00 ","0,00 ","0,00 ","0,00 ","0,00 ","0,00 ","0,00 ","0,00 ","0,00 ","0,00 ","0,00 ","0,00 ","0,00 ","0,00 ","0,00 ","0,00 ","0,00 ","0,00 ","0,00 ","0,00 ","0,00 ","0,00 ","0,00 ","22.737,94 ","0,00 ","0,00 ","0,00 ","0,00 ","0,00 ","0,00 ","0,00 ","22.737,94 ","0,00 ","22.737,94 ","0,00 ","0,00 ","0,00 ","0,00 ","0,00 ","0,00 ","0,00 ","0,00 ","0,00 ","0,00 ","0,00 ","460,25 ","460,25 ","0,00 ","0,00 ","460,25 ","0,00 ","0,00 ","0,00 ","0,00 ","0,00 ","0,00 ","0,00 ","0,00 ","13.315,11 ","13.315,11 ","13.315,11 ","0,00 ","0,00 ","0,00 ","0,00 ","0,00 ","0,00 ","585.996,96 ","585.996,96 ","0,00 ","444.376,83 ","30.241,87 ","111.378,26 ","0,00 ","0,00 ","0,00 ","0,00 ","0,00 ","0,00 ","0,00 ","0,00 ","0,00 ","0,00 ","403.576,95 ","0,00 ","0,00 ","403.576,95 ","403.576,95 ","0,00 ","0,00 ","0,00 ","341.333,57 ","0,00 ","0,00 ","341.333,57 ","0,00 ","341.333,57 ","0,00 ","0,00 ","0,00 ","0,00 ","0,00 ","0,00 ","0,00 ","199.043,66 ","16.656,00 ","0,00 ","0,00 ","16.656,00 ","152.544,97 ","136.358,18 ","16.186,79 ","0,00 ","0,00 ","0,00 ","0,00 ","0,00 ","0,00 ","0,00 ","29.842,69 ","0,00 ","29.842,69 ","170,00 ","170,00 ","170,00 ","0,00 ","0,00 ","0,00 ","0,00 ","0,00 ","0,00 ","0,00 ","0,00 ","0,00 ","271.540,91 ","0,00 ","0,00 ","0,00 ","271.540,91 ","0,00 ","0,00 ","0,00 ","0,00 ","271.540,91 ","0,00 ","0,00 ","0,00 ","0,00 ","0,00 ","0,00 ","0,00 ","0,00 ","0,00 ","61.055,52 ","0,00 ","0,00 ","0,00 ","61.055,52 ","61.055,52 ","0,00 ","0,00 ","0,00 ","0,00 ","0,00 ","0,00 ","0,00 ","0,00 ","0,00 ","0,00 ","0,00 ","0,00 ","0,00 ","0,00 ","0,00 ","0,00 ","0,00 ","0,00 ","0,00 ","0,00 ","0,00 ","0,00 ","0,00 ","0,00 ","0,00 ","0,00 ","0,00 ","0,00 ","0,00 ","0,00 ","0,00 ","0,00 ","0,00 ","0,00 ","0,00 ","0,00 ","1.899.230,87 "
132.,98 ,OBČINA RAČE-FRAM,"0,00 ","0,00 ","0,00 ","0,00 ","0,00 ","0,00 ","0,00 ","0,00 ","0,00 ","0,00 ","0,00 ","0,00 ","0,00 ","0,00 ","0,00 ","0,00 ","0,00 ","0,00 ","0,00 ","0,00 ","0,00 ","0,00 ","0,00 ","0,00 ","0,00 ","0,00 ","0,00 ","0,00 ","0,00 ","0,00 ","0,00 ","0,00 ","37.873,98 ","0,00 ","0,00 ","0,00 ","0,00 ","0,00 ","0,00 ","0,00 ","37.873,98 ","0,00 ","37.873,98 ","0,00 ","0,00 ","0,00 ","0,00 ","0,00 ","0,00 ","0,00 ","0,00 ","0,00 ","0,00 ","0,00 ","0,00 ","0,00 ","0,00 ","0,00 ","0,00 ","0,00 ","0,00 ","0,00 ","0,00 ","0,00 ","0,00 ","0,00 ","0,00 ","0,00 ","0,00 ","0,00 ","0,00 ","0,00 ","0,00 ","0,00 ","0,00 ","0,00 ","817.309,51 ","817.309,51 ","0,00 ","772.575,91 ","0,00 ","44.733,60 ","0,00 ","0,00 ","0,00 ","0,00 ","0,00 ","0,00 ","0,00 ","0,00 ","0,00 ","0,00 ","0,00 ","0,00 ","0,00 ","0,00 ","0,00 ","0,00 ","0,00 ","0,00 ","102.964,43 ","0,00 ","0,00 ","102.964,43 ","0,00 ","102.964,43 ","0,00 ","0,00 ","0,00 ","0,00 ","0,00 ","0,00 ","0,00 ","484.979,59 ","187.748,92 ","0,00 ","0,00 ","187.748,92 ","228.365,83 ","204.351,59 ","13.514,24 ","10.500,00 ","0,00 ","0,00 ","58.479,34 ","0,00 ","0,00 ","58.479,34 ","10.385,50 ","0,00 ","10.385,50 ","1.425,34 ","1.425,34 ","1.425,34 ","0,00 ","0,00 ","0,00 ","0,00 ","0,00 ","0,00 ","0,00 ","0,00 ","0,00 ","651.883,90 ","635.282,74 ","635.282,74 ","0,00 ","0,00 ","0,00 ","0,00 ","0,00 ","0,00 ","0,00 ","0,00 ","0,00 ","0,00 ","0,00 ","0,00 ","0,00 ","16.601,16 ","16.601,16 ","0,00 ","19.066,80 ","19.066,80 ","19.066,80 ","0,00 ","0,00 ","0,00 ","0,00 ","0,00 ","0,00 ","0,00 ","0,00 ","0,00 ","0,00 ","0,00 ","0,00 ","0,00 ","0,00 ","0,00 ","0,00 ","0,00 ","0,00 ","0,00 ","0,00 ","0,00 ","0,00 ","0,00 ","0,00 ","0,00 ","0,00 ","0,00 ","0,00 ","0,00 ","0,00 ","0,00 ","0,00 ","0,00 ","0,00 ","0,00 ","0,00 ","0,00 ","0,00 ","0,00 ","2.115.503,55 "
133.,99 ,OBČINA RADEČE,"0,00 ","0,00 ","0,00 ","0,00 ","0,00 ","0,00 ","0,00 ","0,00 ","0,00 ","0,00 ","0,00 ","0,00 ","0,00 ","0,00 ","0,00 ","0,00 ","0,00 ","0,00 ","0,00 ","4.231,00 ","0,00 ","0,00 ","4.231,00 ","2.820,00 ","1.411,00 ","0,00 ","0,00 ","0,00 ","0,00 ","0,00 ","0,00 ","0,00 ","26.610,00 ","0,00 ","0,00 ","0,00 ","0,00 ","22.226,00 ","22.226,00 ","0,00 ","4.384,00 ","0,00 ","4.384,00 ","0,00 ","0,00 ","0,00 ","0,00 ","0,00 ","0,00 ","0,00 ","0,00 ","0,00 ","0,00 ","0,00 ","0,00 ","0,00 ","0,00 ","0,00 ","0,00 ","0,00 ","0,00 ","0,00 ","0,00 ","0,00 ","0,00 ","0,00 ","0,00 ","0,00 ","0,00 ","0,00 ","0,00 ","0,00 ","0,00 ","0,00 ","0,00 ","0,00 ","719.203,00 ","719.203,00 ","0,00 ","441.806,00 ","73.597,00 ","13.831,00 ","189.969,00 ","0,00 ","0,00 ","0,00 ","0,00 ","0,00 ","0,00 ","0,00 ","0,00 ","0,00 ","84.878,00 ","0,00 ","0,00 ","0,00 ","0,00 ","84.878,00 ","0,00 ","84.878,00 ","135.003,00 ","0,00 ","0,00 ","135.003,00 ","0,00 ","135.003,00 ","0,00 ","0,00 ","0,00 ","0,00 ","0,00 ","0,00 ","0,00 ","80.907,00 ","0,00 ","0,00 ","0,00 ","0,00 ","4.601,00 ","4.601,00 ","0,00 ","0,00 ","0,00 ","0,00 ","26.116,00 ","0,00 ","26.116,00 ","0,00 ","50.190,00 ","0,00 ","50.190,00 ","31.531,00 ","31.531,00 ","31.531,00 ","0,00 ","0,00 ","0,00 ","0,00 ","0,00 ","0,00 ","0,00 ","0,00 ","0,00 ","52.860,00 ","10.000,00 ","10.000,00 ","0,00 ","11.970,00 ","0,00 ","0,00 ","0,00 ","0,00 ","11.970,00 ","0,00 ","0,00 ","0,00 ","0,00 ","0,00 ","0,00 ","30.890,00 ","30.890,00 ","0,00 ","55.189,00 ","40.521,00 ","40.521,00 ","0,00 ","14.668,00 ","7.731,00 ","6.937,00 ","0,00 ","0,00 ","0,00 ","0,00 ","0,00 ","0,00 ","0,00 ","0,00 ","0,00 ","0,00 ","0,00 ","0,00 ","0,00 ","5.951,00 ","0,00 ","0,00 ","0,00 ","0,00 ","5.951,00 ","0,00 ","5.951,00 ","0,00 ","0,00 ","0,00 ","0,00 ","0,00 ","0,00 ","0,00 ","0,00 ","4.980,00 ","0,00 ","0,00 ","0,00 ","4.980,00 ","4.980,00 ","1.201.343,00 "
134.,100 ,OBČINA RADENCI,"0,00 ","0,00 ","0,00 ","0,00 ","0,00 ","0,00 ","0,00 ","0,00 ","0,00 ","0,00 ","0,00 ","0,00 ","0,00 ","0,00 ","0,00 ","0,00 ","0,00 ","0,00 ","0,00 ","0,00 ","0,00 ","0,00 ","0,00 ","0,00 ","0,00 ","0,00 ","0,00 ","0,00 ","0,00 ","0,00 ","0,00 ","0,00 ","3.924,00 ","0,00 ","0,00 ","0,00 ","0,00 ","0,00 ","0,00 ","0,00 ","3.924,00 ","0,00 ","3.924,00 ","0,00 ","0,00 ","0,00 ","0,00 ","0,00 ","0,00 ","0,00 ","0,00 ","0,00 ","0,00 ","0,00 ","0,00 ","0,00 ","0,00 ","0,00 ","0,00 ","0,00 ","0,00 ","0,00 ","0,00 ","0,00 ","0,00 ","0,00 ","0,00 ","0,00 ","0,00 ","0,00 ","0,00 ","0,00 ","0,00 ","0,00 ","0,00 ","0,00 ","57.968,62 ","57.968,62 ","10.519,00 ","35.605,62 ","0,00 ","11.844,00 ","0,00 ","0,00 ","0,00 ","0,00 ","0,00 ","0,00 ","0,00 ","0,00 ","0,00 ","0,00 ","0,00 ","0,00 ","0,00 ","0,00 ","0,00 ","0,00 ","0,00 ","0,00 ","1.076.697,66 ","0,00 ","0,00 ","1.076.697,66 ","0,00 ","1.076.697,66 ","0,00 ","0,00 ","0,00 ","0,00 ","0,00 ","0,00 ","0,00 ","181.976,14 ","45.543,80 ","0,00 ","0,00 ","45.543,80 ","39.244,79 ","30.581,76 ","2.330,78 ","0,00 ","0,00 ","6.332,25 ","39.718,20 ","0,00 ","39.718,20 ","0,00 ","57.469,35 ","0,00 ","57.469,35 ","0,00 ","0,00 ","0,00 ","0,00 ","0,00 ","0,00 ","0,00 ","0,00 ","0,00 ","0,00 ","0,00 ","0,00 ","71.207,87 ","0,00 ","0,00 ","0,00 ","0,00 ","0,00 ","0,00 ","0,00 ","0,00 ","0,00 ","0,00 ","0,00 ","0,00 ","0,00 ","0,00 ","0,00 ","71.207,87 ","71.207,87 ","0,00 ","619.631,80 ","9.527,70 ","9.527,70 ","0,00 ","610.104,10 ","610.104,10 ","0,00 ","0,00 ","0,00 ","0,00 ","0,00 ","0,00 ","0,00 ","0,00 ","0,00 ","0,00 ","0,00 ","0,00 ","0,00 ","0,00 ","0,00 ","0,00 ","0,00 ","0,00 ","0,00 ","0,00 ","0,00 ","0,00 ","0,00 ","0,00 ","0,00 ","0,00 ","0,00 ","0,00 ","0,00 ","0,00 ","0,00 ","0,00 ","0,00 ","0,00 ","0,00 ","0,00 ","2.011.406,09 "
135.,101 ,OBČINA RADLJE OB DRAVI,"0,00 ","0,00 ","0,00 ","0,00 ","0,00 ","0,00 ","0,00 ","0,00 ","0,00 ","0,00 ","0,00 ","0,00 ","0,00 ","0,00 ","0,00 ","0,00 ","0,00 ","0,00 ","0,00 ","0,00 ","0,00 ","0,00 ","0,00 ","0,00 ","0,00 ","0,00 ","0,00 ","0,00 ","0,00 ","0,00 ","0,00 ","0,00 ","63.609,40 ","0,00 ","0,00 ","0,00 ","0,00 ","24.649,14 ","24.649,14 ","0,00 ","38.960,26 ","0,00 ","38.960,26 ","3.720,15 ","3.720,15 ","3.720,15 ","0,00 ","0,00 ","0,00 ","0,00 ","0,00 ","0,00 ","0,00 ","0,00 ","0,00 ","0,00 ","0,00 ","0,00 ","0,00 ","0,00 ","0,00 ","0,00 ","0,00 ","0,00 ","0,00 ","0,00 ","0,00 ","0,00 ","0,00 ","0,00 ","0,00 ","0,00 ","0,00 ","0,00 ","0,00 ","0,00 ","460.370,24 ","460.370,24 ","0,00 ","445.922,94 ","0,00 ","14.447,30 ","0,00 ","0,00 ","0,00 ","0,00 ","0,00 ","0,00 ","0,00 ","0,00 ","0,00 ","0,00 ","747.436,02 ","0,00 ","0,00 ","473.027,24 ","473.027,24 ","274.408,78 ","0,00 ","274.408,78 ","612.715,08 ","0,00 ","0,00 ","374.009,71 ","369.690,24 ","4.319,47 ","0,00 ","238.705,37 ","238.705,37 ","0,00 ","0,00 ","0,00 ","0,00 ","968.366,68 ","55.705,64 ","17.163,24 ","0,00 ","38.542,40 ","907.763,08 ","2.671,15 ","9.986,76 ","866.425,17 ","0,00 ","28.680,00 ","0,00 ","0,00 ","0,00 ","0,00 ","4.897,96 ","0,00 ","4.897,96 ","0,00 ","0,00 ","0,00 ","0,00 ","0,00 ","0,00 ","0,00 ","0,00 ","0,00 ","0,00 ","0,00 ","0,00 ","163.244,53 ","157.810,98 ","157.810,98 ","0,00 ","0,00 ","0,00 ","0,00 ","0,00 ","0,00 ","0,00 ","0,00 ","5.433,55 ","0,00 ","0,00 ","0,00 ","5.433,55 ","0,00 ","0,00 ","0,00 ","106.997,71 ","0,00 ","0,00 ","0,00 ","106.997,71 ","106.576,63 ","421,08 ","0,00 ","0,00 ","0,00 ","0,00 ","0,00 ","0,00 ","0,00 ","0,00 ","0,00 ","0,00 ","0,00 ","0,00 ","0,00 ","0,00 ","0,00 ","0,00 ","0,00 ","0,00 ","0,00 ","0,00 ","0,00 ","0,00 ","0,00 ","0,00 ","0,00 ","0,00 ","0,00 ","0,00 ","0,00 ","0,00 ","0,00 ","0,00 ","0,00 ","0,00 ","0,00 ","3.126.459,81 "
136.,102 ,OBČINA RADOVLJICA,"3.016,16 ","3.016,16 ","3.016,16 ","0,00 ","0,00 ","0,00 ","0,00 ","0,00 ","0,00 ","0,00 ","0,00 ","0,00 ","0,00 ","0,00 ","0,00 ","0,00 ","0,00 ","0,00 ","0,00 ","31.290,00 ","0,00 ","0,00 ","0,00 ","0,00 ","0,00 ","31.290,00 ","0,00 ","0,00 ","31.290,00 ","0,00 ","0,00 ","0,00 ","97.536,86 ","0,00 ","0,00 ","0,00 ","0,00 ","7.128,33 ","7.128,33 ","0,00 ","90.408,53 ","0,00 ","90.408,53 ","637,15 ","637,15 ","637,15 ","0,00 ","0,00 ","0,00 ","0,00 ","0,00 ","0,00 ","0,00 ","0,00 ","34.552,85 ","9.389,52 ","0,00 ","9.389,52 ","0,00 ","0,00 ","0,00 ","0,00 ","0,00 ","25.163,33 ","25.163,33 ","0,00 ","0,00 ","840,00 ","0,00 ","0,00 ","0,00 ","0,00 ","840,00 ","840,00 ","0,00 ","0,00 ","1.708.648,24 ","1.708.648,24 ","247.328,30 ","1.283.664,94 ","65.842,14 ","111.812,86 ","0,00 ","0,00 ","0,00 ","0,00 ","0,00 ","0,00 ","0,00 ","0,00 ","0,00 ","0,00 ","41.413,20 ","0,00 ","0,00 ","17.323,20 ","17.323,20 ","24.090,00 ","0,00 ","24.090,00 ","664.959,51 ","0,00 ","0,00 ","664.959,51 ","0,00 ","664.959,51 ","0,00 ","0,00 ","0,00 ","0,00 ","0,00 ","0,00 ","0,00 ","688.617,32 ","0,00 ","0,00 ","0,00 ","0,00 ","142.846,01 ","84.951,34 ","57.894,67 ","0,00 ","0,00 ","0,00 ","293.203,17 ","0,00 ","204.427,04 ","88.776,13 ","252.568,14 ","0,00 ","252.568,14 ","345.702,93 ","345.702,93 ","345.702,93 ","0,00 ","0,00 ","0,00 ","0,00 ","0,00 ","0,00 ","0,00 ","0,00 ","0,00 ","1.760.285,39 ","764.138,70 ","764.138,70 ","0,00 ","63.623,88 ","0,00 ","0,00 ","0,00 ","72,00 ","63.551,88 ","0,00 ","5.480,00 ","5.480,00 ","0,00 ","0,00 ","0,00 ","927.042,81 ","927.042,81 ","0,00 ","1.909.358,70 ","1.870.572,63 ","1.870.572,63 ","0,00 ","38.786,07 ","38.786,07 ","0,00 ","0,00 ","0,00 ","0,00 ","0,00 ","0,00 ","0,00 ","0,00 ","0,00 ","0,00 ","0,00 ","0,00 ","0,00 ","0,00 ","0,00 ","0,00 ","0,00 ","0,00 ","0,00 ","0,00 ","0,00 ","0,00 ","0,00 ","0,00 ","0,00 ","0,00 ","0,00 ","0,00 ","0,00 ","0,00 ","0,00 ","0,00 ","0,00 ","0,00 ","0,00 ","0,00 ","7.286.858,31 "
137.,103 ,OBČINA RAVNE NA KOROŠKEM,"0,00 ","0,00 ","0,00 ","0,00 ","0,00 ","0,00 ","0,00 ","0,00 ","0,00 ","0,00 ","0,00 ","0,00 ","0,00 ","0,00 ","0,00 ","0,00 ","0,00 ","0,00 ","0,00 ","600,00 ","0,00 ","0,00 ","0,00 ","0,00 ","0,00 ","600,00 ","600,00 ","0,00 ","0,00 ","0,00 ","0,00 ","0,00 ","34.476,74 ","0,00 ","0,00 ","0,00 ","0,00 ","0,00 ","0,00 ","0,00 ","34.476,74 ","0,00 ","34.476,74 ","20.000,00 ","20.000,00 ","0,00 ","20.000,00 ","0,00 ","0,00 ","0,00 ","0,00 ","0,00 ","0,00 ","0,00 ","384,00 ","384,00 ","384,00 ","0,00 ","0,00 ","0,00 ","0,00 ","0,00 ","0,00 ","0,00 ","0,00 ","0,00 ","0,00 ","0,00 ","0,00 ","0,00 ","0,00 ","0,00 ","0,00 ","0,00 ","0,00 ","0,00 ","1.135.859,51 ","1.135.859,51 ","26.032,46 ","1.098.395,66 ","0,00 ","11.431,39 ","0,00 ","0,00 ","0,00 ","0,00 ","0,00 ","0,00 ","0,00 ","0,00 ","0,00 ","0,00 ","987.306,38 ","0,00 ","0,00 ","987.306,38 ","987.306,38 ","0,00 ","0,00 ","0,00 ","898.981,44 ","0,00 ","0,00 ","744.206,36 ","644.857,73 ","99.348,63 ","0,00 ","127.531,08 ","127.531,08 ","0,00 ","0,00 ","27.244,00 ","27.244,00 ","499.908,53 ","47.008,40 ","1.050,00 ","0,00 ","45.958,40 ","700,00 ","0,00 ","0,00 ","0,00 ","700,00 ","0,00 ","421.459,57 ","0,00 ","421.459,57 ","0,00 ","30.740,56 ","0,00 ","30.740,56 ","0,00 ","0,00 ","0,00 ","0,00 ","0,00 ","0,00 ","0,00 ","0,00 ","0,00 ","0,00 ","0,00 ","0,00 ","773.737,06 ","1.061,94 ","1.061,94 ","0,00 ","618.586,01 ","0,00 ","0,00 ","0,00 ","0,00 ","618.586,01 ","0,00 ","0,00 ","0,00 ","0,00 ","0,00 ","0,00 ","154.089,11 ","151.089,11 ","3.000,00 ","51.456,63 ","9.418,23 ","9.418,23 ","0,00 ","42.038,40 ","42.038,40 ","0,00 ","0,00 ","0,00 ","0,00 ","0,00 ","0,00 ","0,00 ","0,00 ","0,00 ","0,00 ","0,00 ","0,00 ","0,00 ","0,00 ","0,00 ","0,00 ","0,00 ","0,00 ","0,00 ","0,00 ","0,00 ","0,00 ","0,00 ","0,00 ","0,00 ","0,00 ","0,00 ","0,00 ","0,00 ","0,00 ","0,00 ","0,00 ","0,00 ","0,00 ","0,00 ","0,00 ","4.402.710,29 "
138.,176 ,OBČINA RAZKRIŽJE,"0,00 ","0,00 ","0,00 ","0,00 ","0,00 ","0,00 ","0,00 ","0,00 ","0,00 ","0,00 ","0,00 ","0,00 ","0,00 ","1.016,60 ","1.016,60 ","0,00 ","1.016,60 ","0,00 ","0,00 ","0,00 ","0,00 ","0,00 ","0,00 ","0,00 ","0,00 ","0,00 ","0,00 ","0,00 ","0,00 ","0,00 ","0,00 ","0,00 ","8.357,89 ","0,00 ","0,00 ","0,00 ","0,00 ","0,00 ","0,00 ","0,00 ","8.357,89 ","866,23 ","7.491,66 ","5.000,00 ","5.000,00 ","0,00 ","5.000,00 ","0,00 ","0,00 ","0,00 ","0,00 ","0,00 ","0,00 ","0,00 ","0,00 ","0,00 ","0,00 ","0,00 ","0,00 ","0,00 ","0,00 ","0,00 ","0,00 ","0,00 ","0,00 ","0,00 ","0,00 ","0,00 ","0,00 ","0,00 ","0,00 ","0,00 ","0,00 ","0,00 ","0,00 ","0,00 ","67.039,69 ","67.039,69 ","0,00 ","7.793,32 ","0,00 ","59.246,37 ","0,00 ","0,00 ","0,00 ","0,00 ","0,00 ","0,00 ","0,00 ","0,00 ","0,00 ","0,00 ","0,00 ","0,00 ","0,00 ","0,00 ","0,00 ","0,00 ","0,00 ","0,00 ","535.039,61 ","0,00 ","0,00 ","535.039,61 ","0,00 ","535.039,61 ","0,00 ","0,00 ","0,00 ","0,00 ","0,00 ","0,00 ","0,00 ","20.015,12 ","14.718,92 ","2.159,90 ","0,00 ","12.559,02 ","5.296,20 ","0,00 ","0,00 ","0,00 ","0,00 ","5.296,20 ","0,00 ","0,00 ","0,00 ","0,00 ","0,00 ","0,00 ","0,00 ","0,00 ","0,00 ","0,00 ","0,00 ","0,00 ","0,00 ","0,00 ","0,00 ","0,00 ","0,00 ","0,00 ","0,00 ","0,00 ","0,00 ","0,00 ","0,00 ","0,00 ","0,00 ","0,00 ","0,00 ","0,00 ","0,00 ","0,00 ","0,00 ","0,00 ","0,00 ","0,00 ","0,00 ","0,00 ","0,00 ","0,00 ","0,00 ","0,00 ","0,00 ","0,00 ","0,00 ","0,00 ","0,00 ","0,00 ","0,00 ","0,00 ","0,00 ","0,00 ","0,00 ","0,00 ","0,00 ","0,00 ","0,00 ","0,00 ","0,00 ","0,00 ","0,00 ","0,00 ","0,00 ","0,00 ","0,00 ","0,00 ","0,00 ","0,00 ","0,00 ","0,00 ","0,00 ","0,00 ","0,00 ","0,00 ","0,00 ","0,00 ","0,00 ","0,00 ","0,00 ","0,00 ","0,00 ","0,00 ","636.468,91 "
139.,209 ,OBČINA REČICA OB SAVINJI,"0,00 ","0,00 ","0,00 ","0,00 ","0,00 ","0,00 ","0,00 ","0,00 ","0,00 ","0,00 ","0,00 ","0,00 ","0,00 ","0,00 ","0,00 ","0,00 ","0,00 ","0,00 ","0,00 ","0,00 ","0,00 ","0,00 ","0,00 ","0,00 ","0,00 ","0,00 ","0,00 ","0,00 ","0,00 ","0,00 ","0,00 ","0,00 ","96.076,07 ","0,00 ","0,00 ","0,00 ","0,00 ","0,00 ","0,00 ","0,00 ","96.076,07 ","0,00 ","96.076,07 ","0,00 ","0,00 ","0,00 ","0,00 ","0,00 ","0,00 ","0,00 ","0,00 ","0,00 ","0,00 ","0,00 ","0,00 ","0,00 ","0,00 ","0,00 ","0,00 ","0,00 ","0,00 ","0,00 ","0,00 ","0,00 ","0,00 ","0,00 ","0,00 ","0,00 ","0,00 ","0,00 ","0,00 ","0,00 ","0,00 ","0,00 ","0,00 ","0,00 ","45.564,25 ","45.564,25 ","0,00 ","26.389,67 ","19.174,58 ","0,00 ","0,00 ","0,00 ","0,00 ","0,00 ","0,00 ","0,00 ","0,00 ","0,00 ","0,00 ","0,00 ","0,00 ","0,00 ","0,00 ","0,00 ","0,00 ","0,00 ","0,00 ","0,00 ","573.147,69 ","0,00 ","0,00 ","573.147,69 ","0,00 ","573.147,69 ","0,00 ","0,00 ","0,00 ","0,00 ","0,00 ","0,00 ","0,00 ","21.366,67 ","19.924,38 ","0,00 ","0,00 ","19.924,38 ","1.442,29 ","0,00 ","1.442,29 ","0,00 ","0,00 ","0,00 ","0,00 ","0,00 ","0,00 ","0,00 ","0,00 ","0,00 ","0,00 ","0,00 ","0,00 ","0,00 ","0,00 ","0,00 ","0,00 ","0,00 ","0,00 ","0,00 ","0,00 ","0,00 ","0,00 ","65.107,00 ","65.000,00 ","65.000,00 ","0,00 ","107,00 ","0,00 ","0,00 ","0,00 ","0,00 ","107,00 ","0,00 ","0,00 ","0,00 ","0,00 ","0,00 ","0,00 ","0,00 ","0,00 ","0,00 ","0,00 ","0,00 ","0,00 ","0,00 ","0,00 ","0,00 ","0,00 ","0,00 ","0,00 ","0,00 ","0,00 ","0,00 ","0,00 ","0,00 ","0,00 ","0,00 ","0,00 ","0,00 ","0,00 ","0,00 ","0,00 ","0,00 ","0,00 ","0,00 ","0,00 ","0,00 ","0,00 ","0,00 ","0,00 ","0,00 ","0,00 ","0,00 ","0,00 ","0,00 ","0,00 ","0,00 ","0,00 ","0,00 ","0,00 ","0,00 ","0,00 ","0,00 ","801.261,68 "
140.,201 ,OBČINA RENČE-VOGRSKO,"0,00 ","0,00 ","0,00 ","0,00 ","0,00 ","0,00 ","0,00 ","0,00 ","0,00 ","0,00 ","0,00 ","0,00 ","0,00 ","0,00 ","0,00 ","0,00 ","0,00 ","0,00 ","0,00 ","4.404,79 ","0,00 ","0,00 ","0,00 ","0,00 ","0,00 ","4.404,79 ","0,00 ","0,00 ","4.404,79 ","0,00 ","0,00 ","0,00 ","51.071,33 ","0,00 ","0,00 ","0,00 ","0,00 ","11.773,99 ","11.773,99 ","0,00 ","39.297,34 ","18.601,77 ","20.695,57 ","23.168,30 ","23.168,30 ","23.168,30 ","0,00 ","0,00 ","0,00 ","0,00 ","0,00 ","0,00 ","0,00 ","0,00 ","0,00 ","0,00 ","0,00 ","0,00 ","0,00 ","0,00 ","0,00 ","0,00 ","0,00 ","0,00 ","0,00 ","0,00 ","0,00 ","0,00 ","0,00 ","0,00 ","0,00 ","0,00 ","0,00 ","0,00 ","0,00 ","0,00 ","1.686.863,94 ","1.686.863,94 ","4.206,26 ","1.605.300,53 ","0,00 ","0,00 ","0,00 ","77.357,15 ","0,00 ","0,00 ","0,00 ","0,00 ","0,00 ","0,00 ","0,00 ","0,00 ","2.137,20 ","0,00 ","0,00 ","0,00 ","0,00 ","2.137,20 ","2.137,20 ","0,00 ","1.488,00 ","0,00 ","0,00 ","1.488,00 ","1.116,00 ","372,00 ","0,00 ","0,00 ","0,00 ","0,00 ","0,00 ","0,00 ","0,00 ","266.833,28 ","0,00 ","0,00 ","0,00 ","0,00 ","266.833,28 ","0,00 ","266.833,28 ","0,00 ","0,00 ","0,00 ","0,00 ","0,00 ","0,00 ","0,00 ","0,00 ","0,00 ","0,00 ","10.152,84 ","10.152,84 ","10.152,84 ","0,00 ","0,00 ","0,00 ","0,00 ","0,00 ","0,00 ","0,00 ","0,00 ","0,00 ","102.957,70 ","0,00 ","0,00 ","0,00 ","91.138,97 ","0,00 ","91.138,97 ","0,00 ","0,00 ","0,00 ","0,00 ","0,00 ","0,00 ","0,00 ","0,00 ","0,00 ","11.818,73 ","11.818,73 ","0,00 ","0,00 ","0,00 ","0,00 ","0,00 ","0,00 ","0,00 ","0,00 ","0,00 ","0,00 ","0,00 ","0,00 ","0,00 ","0,00 ","0,00 ","0,00 ","0,00 ","0,00 ","0,00 ","0,00 ","0,00 ","0,00 ","0,00 ","0,00 ","0,00 ","0,00 ","0,00 ","0,00 ","0,00 ","0,00 ","0,00 ","0,00 ","0,00 ","0,00 ","0,00 ","0,00 ","0,00 ","0,00 ","0,00 ","0,00 ","0,00 ","0,00 ","0,00 ","2.149.077,38 "
141.,104 ,OBČINA RIBNICA,"0,00 ","0,00 ","0,00 ","0,00 ","0,00 ","0,00 ","0,00 ","0,00 ","0,00 ","0,00 ","0,00 ","0,00 ","0,00 ","0,00 ","0,00 ","0,00 ","0,00 ","0,00 ","0,00 ","144.132,69 ","0,00 ","0,00 ","0,00 ","0,00 ","0,00 ","144.132,69 ","0,00 ","0,00 ","144.132,69 ","0,00 ","0,00 ","0,00 ","18.853,10 ","0,00 ","0,00 ","0,00 ","0,00 ","0,00 ","0,00 ","0,00 ","18.853,10 ","1.079,10 ","17.774,00 ","34.111,44 ","34.111,44 ","4.324,09 ","29.787,35 ","0,00 ","0,00 ","0,00 ","0,00 ","0,00 ","0,00 ","0,00 ","101.349,17 ","48.312,50 ","0,00 ","0,00 ","17.671,32 ","30.641,18 ","0,00 ","0,00 ","0,00 ","53.036,67 ","53.036,67 ","0,00 ","0,00 ","1.320,00 ","0,00 ","0,00 ","0,00 ","0,00 ","0,00 ","0,00 ","1.320,00 ","1.320,00 ","837.984,32 ","837.984,32 ","0,00 ","733.997,44 ","7.447,74 ","32.709,11 ","0,00 ","63.830,03 ","0,00 ","0,00 ","0,00 ","0,00 ","0,00 ","0,00 ","0,00 ","0,00 ","661.306,63 ","0,00 ","0,00 ","0,00 ","0,00 ","661.306,63 ","661.306,63 ","0,00 ","9.456,47 ","0,00 ","0,00 ","9.456,47 ","1.130,56 ","8.325,91 ","0,00 ","0,00 ","0,00 ","0,00 ","0,00 ","0,00 ","0,00 ","681.219,34 ","97.928,56 ","0,00 ","0,00 ","97.928,56 ","33.210,56 ","5.320,00 ","4.500,00 ","23.390,56 ","0,00 ","0,00 ","38.940,32 ","0,00 ","38.940,32 ","0,00 ","511.139,90 ","347.499,39 ","163.640,51 ","24.371,00 ","24.371,00 ","24.371,00 ","0,00 ","0,00 ","0,00 ","0,00 ","0,00 ","0,00 ","0,00 ","0,00 ","0,00 ","221.402,30 ","0,00 ","0,00 ","0,00 ","0,00 ","0,00 ","0,00 ","0,00 ","0,00 ","0,00 ","0,00 ","0,00 ","0,00 ","0,00 ","0,00 ","0,00 ","221.402,30 ","221.402,30 ","0,00 ","4.302,00 ","4.302,00 ","4.302,00 ","0,00 ","0,00 ","0,00 ","0,00 ","0,00 ","0,00 ","0,00 ","0,00 ","0,00 ","0,00 ","0,00 ","0,00 ","0,00 ","0,00 ","0,00 ","0,00 ","0,00 ","0,00 ","0,00 ","0,00 ","0,00 ","0,00 ","0,00 ","0,00 ","0,00 ","0,00 ","0,00 ","0,00 ","0,00 ","0,00 ","0,00 ","0,00 ","0,00 ","0,00 ","0,00 ","0,00 ","0,00 ","0,00 ","0,00 ","2.739.808,46 "
142.,177 ,OBČINA RIBNICA NA POHORJU,"0,00 ","0,00 ","0,00 ","0,00 ","0,00 ","0,00 ","0,00 ","0,00 ","0,00 ","0,00 ","0,00 ","0,00 ","0,00 ","0,00 ","0,00 ","0,00 ","0,00 ","0,00 ","0,00 ","0,00 ","0,00 ","0,00 ","0,00 ","0,00 ","0,00 ","0,00 ","0,00 ","0,00 ","0,00 ","0,00 ","0,00 ","0,00 ","7.734,67 ","0,00 ","0,00 ","0,00 ","0,00 ","0,00 ","0,00 ","0,00 ","7.734,67 ","0,00 ","7.734,67 ","0,00 ","0,00 ","0,00 ","0,00 ","0,00 ","0,00 ","0,00 ","0,00 ","0,00 ","0,00 ","0,00 ","0,00 ","0,00 ","0,00 ","0,00 ","0,00 ","0,00 ","0,00 ","0,00 ","0,00 ","0,00 ","0,00 ","0,00 ","0,00 ","0,00 ","0,00 ","0,00 ","0,00 ","0,00 ","0,00 ","0,00 ","0,00 ","0,00 ","265.572,47 ","265.572,47 ","792,00 ","264.780,47 ","0,00 ","0,00 ","0,00 ","0,00 ","0,00 ","0,00 ","0,00 ","0,00 ","0,00 ","0,00 ","0,00 ","0,00 ","0,00 ","0,00 ","0,00 ","0,00 ","0,00 ","0,00 ","0,00 ","0,00 ","225.740,89 ","0,00 ","0,00 ","225.740,89 ","5.119,07 ","220.621,82 ","0,00 ","0,00 ","0,00 ","0,00 ","0,00 ","0,00 ","0,00 ","298.305,83 ","5.214,89 ","0,00 ","0,00 ","5.214,89 ","31.841,87 ","31.841,87 ","0,00 ","0,00 ","0,00 ","0,00 ","261.249,07 ","0,00 ","261.249,07 ","0,00 ","0,00 ","0,00 ","0,00 ","0,00 ","0,00 ","0,00 ","0,00 ","0,00 ","0,00 ","0,00 ","0,00 ","0,00 ","0,00 ","0,00 ","0,00 ","4.304,41 ","0,00 ","0,00 ","0,00 ","2.903,99 ","0,00 ","0,00 ","0,00 ","0,00 ","2.903,99 ","0,00 ","0,00 ","0,00 ","0,00 ","0,00 ","0,00 ","1.400,42 ","1.400,42 ","0,00 ","0,00 ","0,00 ","0,00 ","0,00 ","0,00 ","0,00 ","0,00 ","0,00 ","0,00 ","0,00 ","0,00 ","0,00 ","0,00 ","0,00 ","0,00 ","0,00 ","0,00 ","0,00 ","0,00 ","0,00 ","0,00 ","0,00 ","0,00 ","0,00 ","0,00 ","0,00 ","0,00 ","0,00 ","0,00 ","0,00 ","0,00 ","0,00 ","0,00 ","0,00 ","0,00 ","0,00 ","0,00 ","0,00 ","0,00 ","0,00 ","0,00 ","0,00 ","801.658,27 "
143.,106 ,OBČINA ROGAŠKA SLATINA,"0,00 ","0,00 ","0,00 ","0,00 ","0,00 ","0,00 ","0,00 ","0,00 ","0,00 ","0,00 ","0,00 ","0,00 ","0,00 ","0,00 ","0,00 ","0,00 ","0,00 ","0,00 ","0,00 ","0,00 ","0,00 ","0,00 ","0,00 ","0,00 ","0,00 ","0,00 ","0,00 ","0,00 ","0,00 ","0,00 ","0,00 ","0,00 ","36.731,00 ","0,00 ","0,00 ","0,00 ","0,00 ","0,00 ","0,00 ","0,00 ","36.731,00 ","3.537,00 ","33.194,00 ","10.132,00 ","10.132,00 ","10.132,00 ","0,00 ","7.647,00 ","7.647,00 ","7.647,00 ","0,00 ","0,00 ","0,00 ","0,00 ","0,00 ","0,00 ","0,00 ","0,00 ","0,00 ","0,00 ","0,00 ","0,00 ","0,00 ","0,00 ","0,00 ","0,00 ","0,00 ","162.437,00 ","0,00 ","0,00 ","162.437,00 ","162.437,00 ","0,00 ","0,00 ","0,00 ","0,00 ","2.675.100,00 ","2.675.100,00 ","0,00 ","2.675.100,00 ","0,00 ","0,00 ","0,00 ","0,00 ","0,00 ","0,00 ","0,00 ","0,00 ","0,00 ","0,00 ","0,00 ","0,00 ","595.659,00 ","0,00 ","0,00 ","410.795,00 ","410.795,00 ","184.864,00 ","8.448,00 ","176.416,00 ","70.911,00 ","0,00 ","0,00 ","70.911,00 ","0,00 ","59.511,00 ","11.400,00 ","0,00 ","0,00 ","0,00 ","0,00 ","0,00 ","0,00 ","702.816,00 ","110.914,00 ","0,00 ","0,00 ","110.914,00 ","206.597,00 ","8.910,00 ","0,00 ","0,00 ","0,00 ","197.687,00 ","243.019,00 ","0,00 ","240.019,00 ","3.000,00 ","142.286,00 ","0,00 ","142.286,00 ","23.045,00 ","23.045,00 ","23.045,00 ","0,00 ","0,00 ","0,00 ","0,00 ","0,00 ","0,00 ","0,00 ","0,00 ","0,00 ","948.649,00 ","0,00 ","0,00 ","0,00 ","396.573,00 ","379.321,00 ","0,00 ","13.188,00 ","0,00 ","4.064,00 ","0,00 ","0,00 ","0,00 ","0,00 ","0,00 ","0,00 ","552.076,00 ","552.076,00 ","0,00 ","191.683,00 ","37.903,00 ","37.903,00 ","0,00 ","153.780,00 ","153.780,00 ","0,00 ","0,00 ","0,00 ","0,00 ","0,00 ","0,00 ","0,00 ","0,00 ","0,00 ","0,00 ","0,00 ","0,00 ","0,00 ","0,00 ","0,00 ","0,00 ","0,00 ","0,00 ","0,00 ","0,00 ","0,00 ","0,00 ","0,00 ","0,00 ","0,00 ","0,00 ","0,00 ","0,00 ","0,00 ","0,00 ","0,00 ","0,00 ","0,00 ","0,00 ","0,00 ","0,00 ","5.424.810,00 "
144.,105 ,OBČINA ROGAŠOVCI,"0,00 ","0,00 ","0,00 ","0,00 ","0,00 ","0,00 ","0,00 ","0,00 ","0,00 ","0,00 ","0,00 ","0,00 ","0,00 ","0,00 ","0,00 ","0,00 ","0,00 ","0,00 ","0,00 ","387,59 ","0,00 ","0,00 ","0,00 ","0,00 ","0,00 ","387,59 ","0,00 ","387,59 ","0,00 ","0,00 ","0,00 ","0,00 ","5.450,19 ","0,00 ","0,00 ","0,00 ","0,00 ","0,00 ","0,00 ","0,00 ","5.450,19 ","0,00 ","5.450,19 ","12.826,38 ","12.826,38 ","12.826,38 ","0,00 ","0,00 ","0,00 ","0,00 ","0,00 ","0,00 ","0,00 ","0,00 ","2.833,63 ","0,00 ","0,00 ","0,00 ","0,00 ","0,00 ","0,00 ","0,00 ","0,00 ","2.833,63 ","2.833,63 ","0,00 ","0,00 ","0,00 ","0,00 ","0,00 ","0,00 ","0,00 ","0,00 ","0,00 ","0,00 ","0,00 ","286.729,75 ","286.729,75 ","0,00 ","274.232,86 ","0,00 ","0,00 ","0,00 ","12.496,89 ","0,00 ","0,00 ","0,00 ","0,00 ","0,00 ","0,00 ","0,00 ","0,00 ","24.406,00 ","0,00 ","0,00 ","0,00 ","0,00 ","24.406,00 ","0,00 ","24.406,00 ","47.240,74 ","0,00 ","0,00 ","47.240,74 ","0,00 ","47.240,74 ","0,00 ","0,00 ","0,00 ","0,00 ","0,00 ","0,00 ","0,00 ","688.764,58 ","5.281,20 ","0,00 ","0,00 ","5.281,20 ","683.483,38 ","638.644,14 ","33.879,43 ","0,00 ","0,00 ","10.959,81 ","0,00 ","0,00 ","0,00 ","0,00 ","0,00 ","0,00 ","0,00 ","805,00 ","805,00 ","805,00 ","0,00 ","0,00 ","0,00 ","0,00 ","0,00 ","0,00 ","0,00 ","0,00 ","0,00 ","69.355,39 ","0,00 ","0,00 ","0,00 ","7.816,74 ","0,00 ","0,00 ","0,00 ","0,00 ","7.816,74 ","0,00 ","0,00 ","0,00 ","0,00 ","0,00 ","0,00 ","61.538,65 ","61.538,65 ","0,00 ","22.452,50 ","0,00 ","0,00 ","0,00 ","22.452,50 ","22.452,50 ","0,00 ","0,00 ","0,00 ","0,00 ","0,00 ","0,00 ","0,00 ","0,00 ","0,00 ","0,00 ","0,00 ","0,00 ","0,00 ","0,00 ","0,00 ","0,00 ","0,00 ","0,00 ","0,00 ","0,00 ","0,00 ","0,00 ","0,00 ","0,00 ","0,00 ","0,00 ","0,00 ","0,00 ","0,00 ","0,00 ","0,00 ","0,00 ","0,00 ","0,00 ","0,00 ","0,00 ","1.161.251,75 "
145.,107 ,OBČINA ROGATEC,"0,00 ","0,00 ","0,00 ","0,00 ","0,00 ","0,00 ","0,00 ","0,00 ","0,00 ","0,00 ","0,00 ","0,00 ","0,00 ","0,00 ","0,00 ","0,00 ","0,00 ","0,00 ","0,00 ","198,00 ","0,00 ","0,00 ","0,00 ","0,00 ","0,00 ","198,00 ","0,00 ","0,00 ","198,00 ","0,00 ","0,00 ","0,00 ","5.407,78 ","0,00 ","0,00 ","0,00 ","0,00 ","0,00 ","0,00 ","0,00 ","5.407,78 ","0,00 ","5.407,78 ","1.765,20 ","1.765,20 ","1.765,20 ","0,00 ","0,00 ","0,00 ","0,00 ","0,00 ","0,00 ","0,00 ","0,00 ","0,00 ","0,00 ","0,00 ","0,00 ","0,00 ","0,00 ","0,00 ","0,00 ","0,00 ","0,00 ","0,00 ","0,00 ","0,00 ","0,00 ","0,00 ","0,00 ","0,00 ","0,00 ","0,00 ","0,00 ","0,00 ","0,00 ","155.312,46 ","155.312,46 ","0,00 ","42.726,95 ","110.125,51 ","2.460,00 ","0,00 ","0,00 ","0,00 ","0,00 ","0,00 ","0,00 ","0,00 ","0,00 ","0,00 ","0,00 ","0,00 ","0,00 ","0,00 ","0,00 ","0,00 ","0,00 ","0,00 ","0,00 ","334.908,81 ","0,00 ","0,00 ","200.856,23 ","0,00 ","200.856,23 ","0,00 ","134.052,58 ","134.052,58 ","0,00 ","0,00 ","0,00 ","0,00 ","78.453,76 ","44.815,40 ","1.085,40 ","0,00 ","43.730,00 ","13.008,36 ","3.233,09 ","9.775,27 ","0,00 ","0,00 ","0,00 ","0,00 ","0,00 ","0,00 ","0,00 ","20.630,00 ","0,00 ","20.630,00 ","0,00 ","0,00 ","0,00 ","0,00 ","0,00 ","0,00 ","0,00 ","0,00 ","0,00 ","0,00 ","0,00 ","0,00 ","1.937.347,88 ","17.922,52 ","17.922,52 ","0,00 ","0,00 ","0,00 ","0,00 ","0,00 ","0,00 ","0,00 ","0,00 ","0,00 ","0,00 ","0,00 ","0,00 ","0,00 ","1.919.425,36 ","1.919.425,36 ","0,00 ","0,00 ","0,00 ","0,00 ","0,00 ","0,00 ","0,00 ","0,00 ","0,00 ","0,00 ","0,00 ","0,00 ","0,00 ","0,00 ","0,00 ","0,00 ","0,00 ","0,00 ","0,00 ","0,00 ","0,00 ","0,00 ","0,00 ","0,00 ","0,00 ","0,00 ","0,00 ","0,00 ","0,00 ","0,00 ","0,00 ","0,00 ","0,00 ","0,00 ","0,00 ","0,00 ","0,00 ","0,00 ","0,00 ","0,00 ","0,00 ","0,00 ","0,00 ","2.513.393,89 "
146.,108 ,OBČINA RUŠE,"0,00 ","0,00 ","0,00 ","0,00 ","0,00 ","0,00 ","0,00 ","0,00 ","0,00 ","0,00 ","0,00 ","0,00 ","0,00 ","0,00 ","0,00 ","0,00 ","0,00 ","0,00 ","0,00 ","0,00 ","0,00 ","0,00 ","0,00 ","0,00 ","0,00 ","0,00 ","0,00 ","0,00 ","0,00 ","0,00 ","0,00 ","0,00 ","27.716,89 ","0,00 ","0,00 ","0,00 ","0,00 ","0,00 ","0,00 ","0,00 ","27.716,89 ","0,00 ","27.716,89 ","0,00 ","0,00 ","0,00 ","0,00 ","0,00 ","0,00 ","0,00 ","0,00 ","0,00 ","0,00 ","0,00 ","5.025,99 ","0,00 ","0,00 ","0,00 ","0,00 ","0,00 ","5.025,99 ","0,00 ","5.025,99 ","0,00 ","0,00 ","0,00 ","0,00 ","40.953,44 ","40.953,44 ","40.953,44 ","0,00 ","0,00 ","0,00 ","0,00 ","0,00 ","0,00 ","344.424,18 ","344.424,18 ","0,00 ","185.138,03 ","0,00 ","15.547,74 ","0,00 ","143.738,41 ","0,00 ","0,00 ","0,00 ","0,00 ","0,00 ","0,00 ","0,00 ","0,00 ","1.847,64 ","0,00 ","0,00 ","0,00 ","0,00 ","1.847,64 ","0,00 ","1.847,64 ","829.172,46 ","0,00 ","0,00 ","829.172,46 ","0,00 ","829.172,46 ","0,00 ","0,00 ","0,00 ","0,00 ","0,00 ","0,00 ","0,00 ","141.203,35 ","0,00 ","0,00 ","0,00 ","0,00 ","110.129,35 ","100.084,80 ","1.922,42 ","3.086,35 ","0,00 ","5.035,78 ","0,00 ","0,00 ","0,00 ","0,00 ","31.074,00 ","2.250,00 ","28.824,00 ","7.631,71 ","7.631,71 ","7.631,71 ","0,00 ","0,00 ","0,00 ","0,00 ","0,00 ","0,00 ","0,00 ","0,00 ","0,00 ","1.840.222,17 ","3.000,00 ","3.000,00 ","0,00 ","1.802.831,43 ","0,00 ","1.795.915,79 ","0,00 ","0,00 ","6.915,64 ","0,00 ","0,00 ","0,00 ","0,00 ","0,00 ","0,00 ","34.390,74 ","34.390,74 ","0,00 ","17.445,04 ","0,00 ","0,00 ","0,00 ","17.445,04 ","0,00 ","17.445,04 ","0,00 ","0,00 ","0,00 ","0,00 ","0,00 ","0,00 ","0,00 ","0,00 ","0,00 ","0,00 ","0,00 ","0,00 ","0,00 ","0,00 ","0,00 ","0,00 ","0,00 ","0,00 ","0,00 ","0,00 ","0,00 ","0,00 ","0,00 ","0,00 ","0,00 ","0,00 ","0,00 ","0,00 ","0,00 ","0,00 ","0,00 ","0,00 ","0,00 ","0,00 ","0,00 ","3.255.642,87 "
147.,178 ,OBČINA SELNICA OB DRAVI,"0,00 ","0,00 ","0,00 ","0,00 ","0,00 ","0,00 ","0,00 ","0,00 ","0,00 ","0,00 ","0,00 ","0,00 ","0,00 ","0,00 ","0,00 ","0,00 ","0,00 ","0,00 ","0,00 ","54.803,00 ","0,00 ","0,00 ","11.126,00 ","11.126,00 ","0,00 ","43.677,00 ","0,00 ","0,00 ","43.677,00 ","0,00 ","0,00 ","0,00 ","21.234,00 ","0,00 ","0,00 ","0,00 ","0,00 ","0,00 ","0,00 ","0,00 ","21.234,00 ","0,00 ","21.234,00 ","0,00 ","0,00 ","0,00 ","0,00 ","0,00 ","0,00 ","0,00 ","0,00 ","0,00 ","0,00 ","0,00 ","0,00 ","0,00 ","0,00 ","0,00 ","0,00 ","0,00 ","0,00 ","0,00 ","0,00 ","0,00 ","0,00 ","0,00 ","0,00 ","0,00 ","0,00 ","0,00 ","0,00 ","0,00 ","0,00 ","0,00 ","0,00 ","0,00 ","240.677,00 ","240.677,00 ","0,00 ","194.198,00 ","0,00 ","46.479,00 ","0,00 ","0,00 ","0,00 ","0,00 ","0,00 ","0,00 ","0,00 ","0,00 ","0,00 ","0,00 ","3.188,00 ","0,00 ","0,00 ","1.404,00 ","1.404,00 ","1.784,00 ","0,00 ","1.784,00 ","115.239,00 ","0,00 ","0,00 ","115.239,00 ","0,00 ","115.239,00 ","0,00 ","0,00 ","0,00 ","0,00 ","0,00 ","0,00 ","0,00 ","294.269,00 ","0,00 ","0,00 ","0,00 ","0,00 ","294.269,00 ","286.712,00 ","0,00 ","0,00 ","0,00 ","7.557,00 ","0,00 ","0,00 ","0,00 ","0,00 ","0,00 ","0,00 ","0,00 ","0,00 ","0,00 ","0,00 ","0,00 ","0,00 ","0,00 ","0,00 ","0,00 ","0,00 ","0,00 ","0,00 ","0,00 ","2.529,00 ","0,00 ","0,00 ","0,00 ","0,00 ","0,00 ","0,00 ","0,00 ","0,00 ","0,00 ","0,00 ","0,00 ","0,00 ","0,00 ","0,00 ","0,00 ","2.529,00 ","2.529,00 ","0,00 ","0,00 ","0,00 ","0,00 ","0,00 ","0,00 ","0,00 ","0,00 ","0,00 ","0,00 ","0,00 ","0,00 ","0,00 ","0,00 ","0,00 ","0,00 ","0,00 ","0,00 ","0,00 ","0,00 ","0,00 ","0,00 ","0,00 ","0,00 ","0,00 ","0,00 ","0,00 ","0,00 ","0,00 ","0,00 ","0,00 ","0,00 ","0,00 ","0,00 ","0,00 ","0,00 ","0,00 ","0,00 ","0,00 ","0,00 ","0,00 ","0,00 ","0,00 ","731.939,00 "
148.,109 ,OBČINA SEMIČ,"0,00 ","0,00 ","0,00 ","0,00 ","0,00 ","0,00 ","0,00 ","0,00 ","0,00 ","0,00 ","0,00 ","0,00 ","0,00 ","0,00 ","0,00 ","0,00 ","0,00 ","0,00 ","0,00 ","660.739,30 ","0,00 ","0,00 ","656.359,30 ","656.359,30 ","0,00 ","4.380,00 ","0,00 ","0,00 ","4.380,00 ","0,00 ","0,00 ","0,00 ","8.653,15 ","0,00 ","0,00 ","0,00 ","0,00 ","0,00 ","0,00 ","0,00 ","8.653,15 ","0,00 ","8.653,15 ","0,00 ","0,00 ","0,00 ","0,00 ","0,00 ","0,00 ","0,00 ","0,00 ","0,00 ","0,00 ","0,00 ","6.714,16 ","714,16 ","0,00 ","714,16 ","0,00 ","0,00 ","0,00 ","0,00 ","0,00 ","6.000,00 ","6.000,00 ","0,00 ","0,00 ","0,00 ","0,00 ","0,00 ","0,00 ","0,00 ","0,00 ","0,00 ","0,00 ","0,00 ","293.663,40 ","293.663,40 ","0,00 ","134.690,57 ","155.614,99 ","3.357,84 ","0,00 ","0,00 ","0,00 ","0,00 ","0,00 ","0,00 ","0,00 ","0,00 ","0,00 ","0,00 ","0,00 ","0,00 ","0,00 ","0,00 ","0,00 ","0,00 ","0,00 ","0,00 ","87.317,69 ","0,00 ","0,00 ","85.325,69 ","0,00 ","85.325,69 ","0,00 ","0,00 ","0,00 ","1.992,00 ","1.992,00 ","0,00 ","0,00 ","247.781,18 ","35.591,57 ","0,00 ","0,00 ","35.591,57 ","191.628,95 ","41.318,98 ","7.976,29 ","0,00 ","0,00 ","142.333,68 ","14.025,22 ","0,00 ","14.025,22 ","0,00 ","6.535,44 ","6.535,44 ","0,00 ","36.621,32 ","36.621,32 ","36.621,32 ","0,00 ","0,00 ","0,00 ","0,00 ","0,00 ","0,00 ","0,00 ","0,00 ","0,00 ","1.218.980,65 ","0,00 ","0,00 ","0,00 ","1.113.334,61 ","0,00 ","0,00 ","0,00 ","0,00 ","1.113.334,61 ","0,00 ","0,00 ","0,00 ","0,00 ","0,00 ","0,00 ","105.646,04 ","105.646,04 ","0,00 ","5.192,28 ","0,00 ","0,00 ","0,00 ","5.192,28 ","5.192,28 ","0,00 ","0,00 ","0,00 ","0,00 ","0,00 ","0,00 ","0,00 ","0,00 ","0,00 ","0,00 ","0,00 ","0,00 ","0,00 ","0,00 ","53.313,60 ","0,00 ","0,00 ","0,00 ","0,00 ","53.313,60 ","0,00 ","0,00 ","53.313,60 ","0,00 ","0,00 ","0,00 ","0,00 ","0,00 ","0,00 ","0,00 ","0,00 ","0,00 ","0,00 ","0,00 ","0,00 ","0,00 ","2.618.976,73 "
149.,110 ,OBČINA SEVNICA,"0,00 ","0,00 ","0,00 ","0,00 ","0,00 ","0,00 ","0,00 ","0,00 ","0,00 ","0,00 ","0,00 ","0,00 ","0,00 ","0,00 ","0,00 ","0,00 ","0,00 ","0,00 ","0,00 ","0,00 ","0,00 ","0,00 ","0,00 ","0,00 ","0,00 ","0,00 ","0,00 ","0,00 ","0,00 ","0,00 ","0,00 ","0,00 ","49.210,01 ","0,00 ","0,00 ","0,00 ","0,00 ","0,00 ","0,00 ","0,00 ","49.210,01 ","1.437,75 ","47.772,26 ","10.419,34 ","10.419,34 ","10.419,34 ","0,00 ","0,00 ","0,00 ","0,00 ","0,00 ","0,00 ","0,00 ","0,00 ","18.466,20 ","0,00 ","0,00 ","0,00 ","0,00 ","0,00 ","0,00 ","0,00 ","0,00 ","18.466,20 ","18.466,20 ","0,00 ","0,00 ","0,00 ","0,00 ","0,00 ","0,00 ","0,00 ","0,00 ","0,00 ","0,00 ","0,00 ","3.827.007,69 ","3.827.007,69 ","0,00 ","3.012.942,11 ","4.524,00 ","80.667,50 ","0,00 ","728.874,08 ","0,00 ","0,00 ","0,00 ","0,00 ","0,00 ","0,00 ","0,00 ","0,00 ","0,00 ","0,00 ","0,00 ","0,00 ","0,00 ","0,00 ","0,00 ","0,00 ","9.890.418,87 ","0,00 ","0,00 ","9.890.418,87 ","0,00 ","9.890.418,87 ","0,00 ","0,00 ","0,00 ","0,00 ","0,00 ","0,00 ","0,00 ","776.065,22 ","190.189,23 ","42.319,02 ","0,00 ","147.870,21 ","436.947,33 ","195.382,33 ","78.142,00 ","163.423,00 ","0,00 ","0,00 ","0,00 ","0,00 ","0,00 ","0,00 ","148.928,66 ","49.789,69 ","99.138,97 ","0,00 ","0,00 ","0,00 ","0,00 ","0,00 ","0,00 ","0,00 ","0,00 ","0,00 ","0,00 ","0,00 ","0,00 ","141.830,24 ","18.957,07 ","18.957,07 ","0,00 ","122.873,17 ","0,00 ","0,00 ","0,00 ","0,00 ","122.873,17 ","0,00 ","0,00 ","0,00 ","0,00 ","0,00 ","0,00 ","0,00 ","0,00 ","0,00 ","966.904,88 ","836.043,56 ","836.043,56 ","0,00 ","130.861,32 ","130.861,32 ","0,00 ","0,00 ","0,00 ","0,00 ","0,00 ","0,00 ","0,00 ","0,00 ","0,00 ","0,00 ","0,00 ","0,00 ","0,00 ","0,00 ","0,00 ","0,00 ","0,00 ","0,00 ","0,00 ","0,00 ","0,00 ","0,00 ","0,00 ","0,00 ","0,00 ","0,00 ","0,00 ","0,00 ","0,00 ","0,00 ","0,00 ","0,00 ","0,00 ","0,00 ","0,00 ","0,00 ","15.680.322,45 "
150.,111 ,OBČINA SEŽANA,"0,00 ","0,00 ","0,00 ","0,00 ","0,00 ","0,00 ","0,00 ","0,00 ","0,00 ","0,00 ","0,00 ","0,00 ","0,00 ","0,00 ","0,00 ","0,00 ","0,00 ","0,00 ","0,00 ","94.294,93 ","0,00 ","0,00 ","19.213,20 ","19.213,20 ","0,00 ","75.081,73 ","0,00 ","0,00 ","75.081,73 ","0,00 ","0,00 ","0,00 ","274.020,78 ","0,00 ","0,00 ","0,00 ","0,00 ","1.389,60 ","1.389,60 ","0,00 ","272.631,18 ","0,00 ","272.631,18 ","3.412,88 ","3.412,88 ","3.412,88 ","0,00 ","0,00 ","0,00 ","0,00 ","0,00 ","0,00 ","0,00 ","0,00 ","0,00 ","0,00 ","0,00 ","0,00 ","0,00 ","0,00 ","0,00 ","0,00 ","0,00 ","0,00 ","0,00 ","0,00 ","0,00 ","0,00 ","0,00 ","0,00 ","0,00 ","0,00 ","0,00 ","0,00 ","0,00 ","0,00 ","3.744.711,41 ","3.744.711,41 ","24.509,53 ","3.519.776,87 ","8.156,40 ","192.268,61 ","0,00 ","0,00 ","0,00 ","0,00 ","0,00 ","0,00 ","0,00 ","0,00 ","0,00 ","0,00 ","83.638,42 ","0,00 ","0,00 ","0,00 ","0,00 ","83.638,42 ","588,00 ","83.050,42 ","1.615.582,82 ","0,00 ","0,00 ","1.614.262,82 ","0,00 ","1.614.262,82 ","0,00 ","0,00 ","0,00 ","0,00 ","0,00 ","1.320,00 ","1.320,00 ","2.129.730,83 ","5.760,00 ","0,00 ","0,00 ","5.760,00 ","529.814,56 ","170.528,80 ","359.285,76 ","0,00 ","0,00 ","0,00 ","1.301.970,93 ","0,00 ","1.301.970,93 ","0,00 ","292.185,34 ","0,00 ","292.185,34 ","332.817,71 ","332.817,71 ","332.817,71 ","0,00 ","0,00 ","0,00 ","0,00 ","0,00 ","0,00 ","0,00 ","0,00 ","0,00 ","587.415,71 ","0,00 ","0,00 ","0,00 ","578.467,75 ","0,00 ","0,00 ","0,00 ","0,00 ","578.467,75 ","0,00 ","0,00 ","0,00 ","0,00 ","0,00 ","0,00 ","8.947,96 ","6.550,26 ","2.397,70 ","24.345,00 ","11.940,00 ","11.940,00 ","0,00 ","12.405,00 ","12.405,00 ","0,00 ","0,00 ","0,00 ","0,00 ","0,00 ","0,00 ","0,00 ","0,00 ","0,00 ","0,00 ","0,00 ","0,00 ","0,00 ","0,00 ","0,00 ","0,00 ","0,00 ","0,00 ","0,00 ","0,00 ","0,00 ","0,00 ","0,00 ","0,00 ","0,00 ","0,00 ","0,00 ","0,00 ","0,00 ","0,00 ","0,00 ","0,00 ","0,00 ","0,00 ","0,00 ","0,00 ","8.889.970,49 "
151.,112 ,MESTNA OBČINA SLOVENJ GRADEC,"0,00 ","0,00 ","0,00 ","0,00 ","0,00 ","0,00 ","0,00 ","0,00 ","0,00 ","0,00 ","0,00 ","0,00 ","0,00 ","0,00 ","0,00 ","0,00 ","0,00 ","0,00 ","0,00 ","488.506,35 ","0,00 ","0,00 ","3.477,60 ","3.477,60 ","0,00 ","485.028,75 ","0,00 ","0,00 ","485.028,75 ","0,00 ","0,00 ","0,00 ","35.148,48 ","0,00 ","0,00 ","0,00 ","0,00 ","0,00 ","0,00 ","0,00 ","35.148,48 ","0,00 ","35.148,48 ","1.774,80 ","1.774,80 ","1.774,80 ","0,00 ","0,00 ","0,00 ","0,00 ","0,00 ","0,00 ","0,00 ","0,00 ","0,00 ","0,00 ","0,00 ","0,00 ","0,00 ","0,00 ","0,00 ","0,00 ","0,00 ","0,00 ","0,00 ","0,00 ","0,00 ","0,00 ","0,00 ","0,00 ","0,00 ","0,00 ","0,00 ","0,00 ","0,00 ","0,00 ","6.535.759,20 ","6.523.863,03 ","0,00 ","6.129.459,27 ","144.263,81 ","47.175,71 ","0,00 ","202.964,24 ","0,00 ","0,00 ","0,00 ","0,00 ","0,00 ","0,00 ","11.896,17 ","11.896,17 ","0,00 ","0,00 ","0,00 ","0,00 ","0,00 ","0,00 ","0,00 ","0,00 ","4.796.784,46 ","0,00 ","0,00 ","4.767.748,41 ","4.314.467,13 ","453.281,28 ","0,00 ","29.036,05 ","29.036,05 ","0,00 ","0,00 ","0,00 ","0,00 ","2.996.459,01 ","61.665,60 ","3.540,00 ","0,00 ","58.125,60 ","524.070,73 ","319.999,71 ","78.407,36 ","125.663,66 ","0,00 ","0,00 ","728.669,31 ","0,00 ","728.669,31 ","0,00 ","1.682.053,37 ","1.623.685,42 ","58.367,95 ","0,00 ","0,00 ","0,00 ","0,00 ","0,00 ","0,00 ","0,00 ","0,00 ","0,00 ","0,00 ","0,00 ","0,00 ","198.648,89 ","0,00 ","0,00 ","0,00 ","72.918,62 ","0,00 ","2.021,00 ","0,00 ","4.607,28 ","66.290,34 ","0,00 ","0,00 ","0,00 ","0,00 ","0,00 ","0,00 ","125.730,27 ","125.730,27 ","0,00 ","192.457,67 ","147.768,18 ","147.768,18 ","0,00 ","44.689,49 ","41.793,40 ","2.896,09 ","0,00 ","0,00 ","0,00 ","0,00 ","0,00 ","0,00 ","0,00 ","0,00 ","0,00 ","0,00 ","0,00 ","0,00 ","0,00 ","0,00 ","0,00 ","0,00 ","0,00 ","0,00 ","0,00 ","0,00 ","0,00 ","0,00 ","0,00 ","0,00 ","0,00 ","0,00 ","0,00 ","0,00 ","0,00 ","0,00 ","0,00 ","0,00 ","0,00 ","0,00 ","0,00 ","15.245.538,86 "
152.,113 ,OBČINA SLOVENSKA BISTRICA,"0,00 ","0,00 ","0,00 ","0,00 ","0,00 ","0,00 ","0,00 ","0,00 ","0,00 ","0,00 ","0,00 ","0,00 ","0,00 ","0,00 ","0,00 ","0,00 ","0,00 ","0,00 ","0,00 ","115.012,83 ","0,00 ","0,00 ","0,00 ","0,00 ","0,00 ","115.012,83 ","0,00 ","0,00 ","115.012,83 ","0,00 ","0,00 ","0,00 ","160.860,39 ","0,00 ","0,00 ","0,00 ","0,00 ","3.595,49 ","3.595,49 ","0,00 ","157.264,90 ","0,00 ","157.264,90 ","9.475,88 ","9.475,88 ","9.475,88 ","0,00 ","0,00 ","0,00 ","0,00 ","0,00 ","0,00 ","0,00 ","0,00 ","0,00 ","0,00 ","0,00 ","0,00 ","0,00 ","0,00 ","0,00 ","0,00 ","0,00 ","0,00 ","0,00 ","0,00 ","0,00 ","0,00 ","0,00 ","0,00 ","0,00 ","0,00 ","0,00 ","0,00 ","0,00 ","0,00 ","3.886.765,26 ","3.886.765,26 ","0,00 ","3.827.189,25 ","0,00 ","59.576,01 ","0,00 ","0,00 ","0,00 ","0,00 ","0,00 ","0,00 ","0,00 ","0,00 ","0,00 ","0,00 ","100.818,00 ","0,00 ","0,00 ","100.818,00 ","100.818,00 ","0,00 ","0,00 ","0,00 ","633.305,46 ","0,00 ","0,00 ","633.305,46 ","245.565,78 ","387.739,68 ","0,00 ","0,00 ","0,00 ","0,00 ","0,00 ","0,00 ","0,00 ","2.469.160,30 ","146.458,40 ","0,00 ","0,00 ","146.458,40 ","2.301.361,10 ","1.932.474,06 ","52.080,10 ","207.183,10 ","0,00 ","109.623,84 ","0,00 ","0,00 ","0,00 ","0,00 ","21.340,80 ","21.340,80 ","0,00 ","26.724,00 ","26.724,00 ","26.724,00 ","0,00 ","0,00 ","0,00 ","0,00 ","0,00 ","0,00 ","0,00 ","0,00 ","0,00 ","1.510.089,17 ","0,00 ","0,00 ","0,00 ","38.848,46 ","0,00 ","0,00 ","0,00 ","0,00 ","38.848,46 ","0,00 ","0,00 ","0,00 ","0,00 ","0,00 ","0,00 ","1.471.240,71 ","1.471.240,71 ","0,00 ","2.477.241,03 ","172.026,28 ","172.026,28 ","0,00 ","2.305.214,75 ","2.297.294,75 ","0,00 ","7.920,00 ","0,00 ","0,00 ","0,00 ","0,00 ","0,00 ","0,00 ","0,00 ","0,00 ","0,00 ","0,00 ","0,00 ","0,00 ","85.113,43 ","0,00 ","0,00 ","0,00 ","0,00 ","85.113,43 ","0,00 ","0,00 ","85.113,43 ","0,00 ","0,00 ","0,00 ","0,00 ","0,00 ","0,00 ","0,00 ","123.749,49 ","123.749,49 ","0,00 ","123.749,49 ","0,00 ","0,00 ","11.598.315,24 "
153.,114 ,OBČINA SLOVENSKE KONJICE,"0,00 ","0,00 ","0,00 ","0,00 ","0,00 ","0,00 ","0,00 ","0,00 ","0,00 ","0,00 ","0,00 ","0,00 ","0,00 ","0,00 ","0,00 ","0,00 ","0,00 ","0,00 ","0,00 ","0,00 ","0,00 ","0,00 ","0,00 ","0,00 ","0,00 ","0,00 ","0,00 ","0,00 ","0,00 ","0,00 ","0,00 ","0,00 ","68.317,70 ","1.037,62 ","1.037,62 ","0,00 ","0,00 ","5.939,06 ","5.939,06 ","0,00 ","61.341,02 ","0,00 ","61.341,02 ","8.749,65 ","8.749,65 ","0,00 ","8.749,65 ","0,00 ","0,00 ","0,00 ","0,00 ","0,00 ","0,00 ","0,00 ","0,00 ","0,00 ","0,00 ","0,00 ","0,00 ","0,00 ","0,00 ","0,00 ","0,00 ","0,00 ","0,00 ","0,00 ","0,00 ","0,00 ","0,00 ","0,00 ","0,00 ","0,00 ","0,00 ","0,00 ","0,00 ","0,00 ","928.474,63 ","928.474,63 ","63.994,50 ","472.033,19 ","2.055,24 ","35.018,53 ","0,00 ","355.373,17 ","0,00 ","0,00 ","0,00 ","0,00 ","0,00 ","0,00 ","0,00 ","0,00 ","0,00 ","0,00 ","0,00 ","0,00 ","0,00 ","0,00 ","0,00 ","0,00 ","507.602,84 ","0,00 ","0,00 ","507.602,84 ","0,00 ","482.802,84 ","24.800,00 ","0,00 ","0,00 ","0,00 ","0,00 ","0,00 ","0,00 ","1.178.413,75 ","0,00 ","0,00 ","0,00 ","0,00 ","475.252,76 ","404.526,03 ","34.728,69 ","35.998,04 ","0,00 ","0,00 ","56.872,31 ","0,00 ","55.590,00 ","1.282,31 ","646.288,68 ","290.097,45 ","356.191,23 ","0,00 ","0,00 ","0,00 ","0,00 ","0,00 ","0,00 ","0,00 ","0,00 ","0,00 ","0,00 ","0,00 ","0,00 ","603.801,55 ","133.338,00 ","133.338,00 ","0,00 ","13.966,66 ","0,00 ","0,00 ","0,00 ","0,00 ","13.966,66 ","0,00 ","0,00 ","0,00 ","0,00 ","0,00 ","0,00 ","456.496,89 ","456.496,89 ","0,00 ","1.950.704,00 ","0,00 ","0,00 ","0,00 ","1.950.704,00 ","1.950.704,00 ","0,00 ","0,00 ","0,00 ","0,00 ","0,00 ","0,00 ","0,00 ","0,00 ","0,00 ","0,00 ","0,00 ","0,00 ","0,00 ","0,00 ","0,00 ","0,00 ","0,00 ","0,00 ","0,00 ","0,00 ","0,00 ","0,00 ","0,00 ","0,00 ","0,00 ","0,00 ","0,00 ","0,00 ","0,00 ","0,00 ","0,00 ","0,00 ","0,00 ","0,00 ","0,00 ","0,00 ","5.246.064,12 "
154.,179 ,OBČINA SODRAŽICA,"0,00 ","0,00 ","0,00 ","0,00 ","0,00 ","0,00 ","0,00 ","0,00 ","0,00 ","0,00 ","0,00 ","0,00 ","0,00 ","0,00 ","0,00 ","0,00 ","0,00 ","0,00 ","0,00 ","3.817,58 ","0,00 ","0,00 ","0,00 ","0,00 ","0,00 ","3.817,58 ","0,00 ","0,00 ","3.817,58 ","0,00 ","0,00 ","0,00 ","3.254,20 ","0,00 ","0,00 ","0,00 ","0,00 ","0,00 ","0,00 ","0,00 ","3.254,20 ","0,00 ","3.254,20 ","30.781,52 ","30.781,52 ","0,00 ","30.781,52 ","0,00 ","0,00 ","0,00 ","0,00 ","0,00 ","0,00 ","0,00 ","0,00 ","0,00 ","0,00 ","0,00 ","0,00 ","0,00 ","0,00 ","0,00 ","0,00 ","0,00 ","0,00 ","0,00 ","0,00 ","0,00 ","0,00 ","0,00 ","0,00 ","0,00 ","0,00 ","0,00 ","0,00 ","0,00 ","171.263,90 ","169.502,84 ","0,00 ","166.060,91 ","0,00 ","3.441,93 ","0,00 ","0,00 ","0,00 ","0,00 ","0,00 ","0,00 ","0,00 ","0,00 ","1.761,06 ","1.761,06 ","4.825,00 ","0,00 ","0,00 ","0,00 ","0,00 ","4.825,00 ","4.825,00 ","0,00 ","27.053,28 ","0,00 ","0,00 ","27.053,28 ","0,00 ","27.053,28 ","0,00 ","0,00 ","0,00 ","0,00 ","0,00 ","0,00 ","0,00 ","288.495,79 ","225.760,07 ","0,00 ","0,00 ","225.760,07 ","51.964,01 ","51.964,01 ","0,00 ","0,00 ","0,00 ","0,00 ","5.423,71 ","0,00 ","0,00 ","5.423,71 ","5.348,00 ","0,00 ","5.348,00 ","0,00 ","0,00 ","0,00 ","0,00 ","0,00 ","0,00 ","0,00 ","0,00 ","0,00 ","0,00 ","0,00 ","0,00 ","0,00 ","0,00 ","0,00 ","0,00 ","0,00 ","0,00 ","0,00 ","0,00 ","0,00 ","0,00 ","0,00 ","0,00 ","0,00 ","0,00 ","0,00 ","0,00 ","0,00 ","0,00 ","0,00 ","78.288,00 ","0,00 ","0,00 ","0,00 ","78.288,00 ","78.288,00 ","0,00 ","0,00 ","0,00 ","0,00 ","0,00 ","0,00 ","0,00 ","0,00 ","0,00 ","0,00 ","0,00 ","0,00 ","0,00 ","0,00 ","0,00 ","0,00 ","0,00 ","0,00 ","0,00 ","0,00 ","0,00 ","0,00 ","0,00 ","0,00 ","0,00 ","0,00 ","0,00 ","0,00 ","0,00 ","0,00 ","0,00 ","0,00 ","0,00 ","0,00 ","0,00 ","0,00 ","607.779,27 "
155.,180 ,OBČINA SOLČAVA,"0,00 ","0,00 ","0,00 ","0,00 ","0,00 ","0,00 ","0,00 ","0,00 ","0,00 ","0,00 ","0,00 ","0,00 ","0,00 ","0,00 ","0,00 ","0,00 ","0,00 ","0,00 ","0,00 ","0,00 ","0,00 ","0,00 ","0,00 ","0,00 ","0,00 ","0,00 ","0,00 ","0,00 ","0,00 ","0,00 ","0,00 ","0,00 ","23.591,74 ","0,00 ","0,00 ","0,00 ","0,00 ","0,00 ","0,00 ","0,00 ","23.591,74 ","16.699,63 ","6.892,11 ","0,00 ","0,00 ","0,00 ","0,00 ","0,00 ","0,00 ","0,00 ","0,00 ","0,00 ","0,00 ","0,00 ","0,00 ","0,00 ","0,00 ","0,00 ","0,00 ","0,00 ","0,00 ","0,00 ","0,00 ","0,00 ","0,00 ","0,00 ","0,00 ","25.111,31 ","25.111,31 ","25.111,31 ","0,00 ","0,00 ","0,00 ","0,00 ","0,00 ","0,00 ","80.309,62 ","80.309,62 ","1.413,62 ","0,00 ","0,00 ","78.896,00 ","0,00 ","0,00 ","0,00 ","0,00 ","0,00 ","0,00 ","0,00 ","0,00 ","0,00 ","0,00 ","781.484,23 ","0,00 ","0,00 ","7.734,05 ","7.734,05 ","773.750,18 ","0,00 ","773.750,18 ","375,56 ","0,00 ","0,00 ","375,56 ","0,00 ","375,56 ","0,00 ","0,00 ","0,00 ","0,00 ","0,00 ","0,00 ","0,00 ","81.963,95 ","71.252,09 ","0,00 ","0,00 ","71.252,09 ","10.711,86 ","10.711,86 ","0,00 ","0,00 ","0,00 ","0,00 ","0,00 ","0,00 ","0,00 ","0,00 ","0,00 ","0,00 ","0,00 ","0,00 ","0,00 ","0,00 ","0,00 ","0,00 ","0,00 ","0,00 ","0,00 ","0,00 ","0,00 ","0,00 ","0,00 ","2.130,00 ","0,00 ","0,00 ","0,00 ","2.130,00 ","2.130,00 ","0,00 ","0,00 ","0,00 ","0,00 ","0,00 ","0,00 ","0,00 ","0,00 ","0,00 ","0,00 ","0,00 ","0,00 ","0,00 ","662,40 ","0,00 ","0,00 ","0,00 ","662,40 ","662,40 ","0,00 ","0,00 ","0,00 ","0,00 ","0,00 ","0,00 ","0,00 ","0,00 ","0,00 ","0,00 ","0,00 ","0,00 ","0,00 ","0,00 ","0,00 ","0,00 ","0,00 ","0,00 ","0,00 ","0,00 ","0,00 ","0,00 ","0,00 ","0,00 ","0,00 ","0,00 ","0,00 ","0,00 ","0,00 ","0,00 ","0,00 ","0,00 ","0,00 ","0,00 ","0,00 ","0,00 ","995.628,81 "
156.,202 ,OBČINA SREDIŠČE OB DRAVI,"0,00 ","0,00 ","0,00 ","0,00 ","0,00 ","0,00 ","0,00 ","0,00 ","0,00 ","0,00 ","0,00 ","0,00 ","0,00 ","0,00 ","0,00 ","0,00 ","0,00 ","0,00 ","0,00 ","7.927,73 ","0,00 ","0,00 ","0,00 ","0,00 ","0,00 ","7.927,73 ","7.927,73 ","0,00 ","0,00 ","0,00 ","0,00 ","0,00 ","3.473,25 ","0,00 ","0,00 ","0,00 ","0,00 ","0,00 ","0,00 ","0,00 ","3.473,25 ","0,00 ","3.473,25 ","0,00 ","0,00 ","0,00 ","0,00 ","0,00 ","0,00 ","0,00 ","0,00 ","61,67 ","61,67 ","61,67 ","0,00 ","0,00 ","0,00 ","0,00 ","0,00 ","0,00 ","0,00 ","0,00 ","0,00 ","0,00 ","0,00 ","0,00 ","0,00 ","0,00 ","0,00 ","0,00 ","0,00 ","0,00 ","0,00 ","0,00 ","0,00 ","0,00 ","625.743,52 ","625.743,52 ","0,00 ","607.501,04 ","6.898,57 ","11.343,91 ","0,00 ","0,00 ","0,00 ","0,00 ","0,00 ","0,00 ","0,00 ","0,00 ","0,00 ","0,00 ","8.181,40 ","0,00 ","0,00 ","8.181,40 ","8.181,40 ","0,00 ","0,00 ","0,00 ","4.745,52 ","0,00 ","0,00 ","4.745,52 ","4.745,52 ","0,00 ","0,00 ","0,00 ","0,00 ","0,00 ","0,00 ","0,00 ","0,00 ","81.241,42 ","0,00 ","0,00 ","0,00 ","0,00 ","63.587,42 ","62.975,58 ","611,84 ","0,00 ","0,00 ","0,00 ","0,00 ","0,00 ","0,00 ","0,00 ","17.654,00 ","0,00 ","17.654,00 ","0,00 ","0,00 ","0,00 ","0,00 ","0,00 ","0,00 ","0,00 ","0,00 ","0,00 ","0,00 ","0,00 ","0,00 ","14.611,13 ","0,00 ","0,00 ","0,00 ","13.608,80 ","0,00 ","0,00 ","0,00 ","0,00 ","13.608,80 ","0,00 ","0,00 ","0,00 ","0,00 ","0,00 ","0,00 ","1.002,33 ","1.002,33 ","0,00 ","1.017.482,26 ","5.504,04 ","5.504,04 ","0,00 ","1.011.978,22 ","1.011.978,22 ","0,00 ","0,00 ","0,00 ","0,00 ","0,00 ","0,00 ","0,00 ","0,00 ","0,00 ","0,00 ","0,00 ","0,00 ","0,00 ","0,00 ","0,00 ","0,00 ","0,00 ","0,00 ","0,00 ","0,00 ","0,00 ","0,00 ","0,00 ","0,00 ","0,00 ","0,00 ","0,00 ","0,00 ","0,00 ","0,00 ","0,00 ","0,00 ","0,00 ","0,00 ","0,00 ","0,00 ","1.763.467,90 "
157.,115 ,OBČINA STARŠE,"0,00 ","0,00 ","0,00 ","0,00 ","0,00 ","0,00 ","0,00 ","0,00 ","0,00 ","0,00 ","0,00 ","0,00 ","0,00 ","0,00 ","0,00 ","0,00 ","0,00 ","0,00 ","0,00 ","207.398,00 ","0,00 ","0,00 ","0,00 ","0,00 ","0,00 ","207.398,00 ","0,00 ","0,00 ","207.398,00 ","0,00 ","0,00 ","0,00 ","4.200,00 ","0,00 ","0,00 ","0,00 ","0,00 ","4.200,00 ","4.200,00 ","0,00 ","0,00 ","0,00 ","0,00 ","27.268,00 ","27.268,00 ","5.320,00 ","21.948,00 ","0,00 ","0,00 ","0,00 ","0,00 ","0,00 ","0,00 ","0,00 ","0,00 ","0,00 ","0,00 ","0,00 ","0,00 ","0,00 ","0,00 ","0,00 ","0,00 ","0,00 ","0,00 ","0,00 ","0,00 ","0,00 ","0,00 ","0,00 ","0,00 ","0,00 ","0,00 ","0,00 ","0,00 ","0,00 ","184.441,00 ","184.441,00 ","0,00 ","184.441,00 ","0,00 ","0,00 ","0,00 ","0,00 ","0,00 ","0,00 ","0,00 ","0,00 ","0,00 ","0,00 ","0,00 ","0,00 ","0,00 ","0,00 ","0,00 ","0,00 ","0,00 ","0,00 ","0,00 ","0,00 ","590.312,00 ","0,00 ","0,00 ","590.312,00 ","12.134,00 ","578.178,00 ","0,00 ","0,00 ","0,00 ","0,00 ","0,00 ","0,00 ","0,00 ","375.589,00 ","3.177,00 ","1.807,00 ","0,00 ","1.370,00 ","26.382,00 ","15.000,00 ","11.382,00 ","0,00 ","0,00 ","0,00 ","0,00 ","0,00 ","0,00 ","0,00 ","346.030,00 ","0,00 ","346.030,00 ","0,00 ","0,00 ","0,00 ","0,00 ","0,00 ","0,00 ","0,00 ","0,00 ","0,00 ","0,00 ","0,00 ","0,00 ","8.103,00 ","0,00 ","0,00 ","0,00 ","8.103,00 ","0,00 ","0,00 ","0,00 ","0,00 ","8.103,00 ","0,00 ","0,00 ","0,00 ","0,00 ","0,00 ","0,00 ","0,00 ","0,00 ","0,00 ","35.008,00 ","32.712,00 ","32.712,00 ","0,00 ","2.296,00 ","2.296,00 ","0,00 ","0,00 ","0,00 ","0,00 ","0,00 ","0,00 ","0,00 ","0,00 ","0,00 ","0,00 ","0,00 ","0,00 ","0,00 ","0,00 ","0,00 ","0,00 ","0,00 ","0,00 ","0,00 ","0,00 ","0,00 ","0,00 ","0,00 ","0,00 ","0,00 ","0,00 ","0,00 ","0,00 ","0,00 ","0,00 ","0,00 ","0,00 ","0,00 ","0,00 ","0,00 ","0,00 ","1.432.319,00 "
158.,203 ,OBČINA STRAŽA,"0,00 ","0,00 ","0,00 ","0,00 ","0,00 ","0,00 ","0,00 ","0,00 ","0,00 ","0,00 ","0,00 ","0,00 ","0,00 ","0,00 ","0,00 ","0,00 ","0,00 ","0,00 ","0,00 ","0,00 ","0,00 ","0,00 ","0,00 ","0,00 ","0,00 ","0,00 ","0,00 ","0,00 ","0,00 ","0,00 ","0,00 ","0,00 ","23.991,35 ","0,00 ","0,00 ","0,00 ","0,00 ","0,00 ","0,00 ","0,00 ","23.991,35 ","5.096,91 ","18.894,44 ","7.145,94 ","7.145,94 ","4.824,11 ","2.321,83 ","0,00 ","0,00 ","0,00 ","0,00 ","0,00 ","0,00 ","0,00 ","4.918,03 ","4.918,03 ","0,00 ","4.918,03 ","0,00 ","0,00 ","0,00 ","0,00 ","0,00 ","0,00 ","0,00 ","0,00 ","0,00 ","8.856,00 ","0,00 ","0,00 ","0,00 ","0,00 ","8.856,00 ","8.856,00 ","0,00 ","0,00 ","261.757,50 ","261.757,50 ","840,00 ","154.383,21 ","55.419,74 ","51.114,55 ","0,00 ","0,00 ","0,00 ","0,00 ","0,00 ","0,00 ","0,00 ","0,00 ","0,00 ","0,00 ","0,00 ","0,00 ","0,00 ","0,00 ","0,00 ","0,00 ","0,00 ","0,00 ","4.233,60 ","0,00 ","0,00 ","4.233,60 ","0,00 ","4.233,60 ","0,00 ","0,00 ","0,00 ","0,00 ","0,00 ","0,00 ","0,00 ","168.675,81 ","155.084,20 ","1.481,07 ","8.070,30 ","145.532,83 ","7.560,00 ","0,00 ","7.560,00 ","0,00 ","0,00 ","0,00 ","6.031,61 ","0,00 ","6.031,61 ","0,00 ","0,00 ","0,00 ","0,00 ","0,00 ","0,00 ","0,00 ","0,00 ","0,00 ","0,00 ","0,00 ","0,00 ","0,00 ","0,00 ","0,00 ","0,00 ","61.661,48 ","0,00 ","0,00 ","0,00 ","59.322,89 ","0,00 ","0,00 ","0,00 ","7.587,68 ","51.735,21 ","0,00 ","0,00 ","0,00 ","0,00 ","0,00 ","0,00 ","2.338,59 ","0,00 ","2.338,59 ","0,00 ","0,00 ","0,00 ","0,00 ","0,00 ","0,00 ","0,00 ","0,00 ","0,00 ","0,00 ","0,00 ","0,00 ","0,00 ","0,00 ","0,00 ","0,00 ","0,00 ","0,00 ","0,00 ","0,00 ","61.198,38 ","0,00 ","0,00 ","0,00 ","0,00 ","61.198,38 ","0,00 ","0,00 ","0,00 ","0,00 ","0,00 ","61.198,38 ","0,00 ","0,00 ","0,00 ","0,00 ","0,00 ","0,00 ","0,00 ","0,00 ","0,00 ","0,00 ","602.438,09 "
159.,181 ,OBČINA SVETA ANA,"0,00 ","0,00 ","0,00 ","0,00 ","0,00 ","0,00 ","0,00 ","0,00 ","0,00 ","0,00 ","0,00 ","0,00 ","0,00 ","0,00 ","0,00 ","0,00 ","0,00 ","0,00 ","0,00 ","1.492,50 ","0,00 ","0,00 ","1.492,50 ","1.492,50 ","0,00 ","0,00 ","0,00 ","0,00 ","0,00 ","0,00 ","0,00 ","0,00 ","54.652,03 ","3.297,18 ","0,00 ","0,00 ","3.297,18 ","0,00 ","0,00 ","0,00 ","51.354,85 ","0,00 ","51.354,85 ","0,00 ","0,00 ","0,00 ","0,00 ","0,00 ","0,00 ","0,00 ","0,00 ","0,00 ","0,00 ","0,00 ","0,00 ","0,00 ","0,00 ","0,00 ","0,00 ","0,00 ","0,00 ","0,00 ","0,00 ","0,00 ","0,00 ","0,00 ","0,00 ","0,00 ","0,00 ","0,00 ","0,00 ","0,00 ","0,00 ","0,00 ","0,00 ","0,00 ","126.266,73 ","126.266,73 ","0,00 ","101.269,35 ","0,00 ","24.997,38 ","0,00 ","0,00 ","0,00 ","0,00 ","0,00 ","0,00 ","0,00 ","0,00 ","0,00 ","0,00 ","0,00 ","0,00 ","0,00 ","0,00 ","0,00 ","0,00 ","0,00 ","0,00 ","47.730,76 ","0,00 ","0,00 ","47.730,76 ","0,00 ","47.730,76 ","0,00 ","0,00 ","0,00 ","0,00 ","0,00 ","0,00 ","0,00 ","302.452,04 ","8.215,68 ","0,00 ","0,00 ","8.215,68 ","249.472,06 ","76.019,49 ","5.731,20 ","167.721,37 ","0,00 ","0,00 ","0,00 ","0,00 ","0,00 ","0,00 ","44.764,30 ","29.764,30 ","15.000,00 ","0,00 ","0,00 ","0,00 ","0,00 ","0,00 ","0,00 ","0,00 ","0,00 ","0,00 ","0,00 ","0,00 ","0,00 ","1.129.465,60 ","0,00 ","0,00 ","0,00 ","256.291,34 ","0,00 ","0,00 ","0,00 ","0,00 ","256.291,34 ","0,00 ","0,00 ","0,00 ","0,00 ","0,00 ","0,00 ","873.174,26 ","873.174,26 ","0,00 ","793.020,26 ","788.077,10 ","788.077,10 ","0,00 ","4.943,16 ","4.943,16 ","0,00 ","0,00 ","0,00 ","0,00 ","0,00 ","0,00 ","0,00 ","0,00 ","0,00 ","0,00 ","0,00 ","0,00 ","0,00 ","0,00 ","0,00 ","0,00 ","0,00 ","0,00 ","0,00 ","0,00 ","0,00 ","0,00 ","0,00 ","0,00 ","0,00 ","0,00 ","0,00 ","0,00 ","0,00 ","0,00 ","0,00 ","0,00 ","0,00 ","0,00 ","0,00 ","0,00 ","2.455.079,92 "
160.,204 ,OBČINA SVETA TROJICA V SLOVENSKIH GORICAH,"0,00 ","0,00 ","0,00 ","0,00 ","0,00 ","0,00 ","0,00 ","0,00 ","0,00 ","0,00 ","0,00 ","0,00 ","0,00 ","0,00 ","0,00 ","0,00 ","0,00 ","0,00 ","0,00 ","0,00 ","0,00 ","0,00 ","0,00 ","0,00 ","0,00 ","0,00 ","0,00 ","0,00 ","0,00 ","0,00 ","0,00 ","0,00 ","3.749,44 ","0,00 ","0,00 ","0,00 ","0,00 ","0,00 ","0,00 ","0,00 ","3.749,44 ","532,99 ","3.216,45 ","758,79 ","758,79 ","758,79 ","0,00 ","0,00 ","0,00 ","0,00 ","0,00 ","0,00 ","0,00 ","0,00 ","0,00 ","0,00 ","0,00 ","0,00 ","0,00 ","0,00 ","0,00 ","0,00 ","0,00 ","0,00 ","0,00 ","0,00 ","0,00 ","0,00 ","0,00 ","0,00 ","0,00 ","0,00 ","0,00 ","0,00 ","0,00 ","0,00 ","291.762,11 ","291.762,11 ","0,00 ","240.450,77 ","38.139,14 ","13.172,20 ","0,00 ","0,00 ","0,00 ","0,00 ","0,00 ","0,00 ","0,00 ","0,00 ","0,00 ","0,00 ","0,00 ","0,00 ","0,00 ","0,00 ","0,00 ","0,00 ","0,00 ","0,00 ","476.107,72 ","0,00 ","0,00 ","476.107,72 ","7.866,94 ","468.240,78 ","0,00 ","0,00 ","0,00 ","0,00 ","0,00 ","0,00 ","0,00 ","184.550,42 ","48.144,65 ","3.665,58 ","0,00 ","44.479,07 ","42.420,14 ","31.409,05 ","7.797,39 ","0,00 ","0,00 ","3.213,70 ","0,00 ","0,00 ","0,00 ","0,00 ","93.985,63 ","22.744,90 ","71.240,73 ","0,00 ","0,00 ","0,00 ","0,00 ","0,00 ","0,00 ","0,00 ","0,00 ","0,00 ","0,00 ","0,00 ","0,00 ","324.184,99 ","5.453,45 ","5.453,45 ","0,00 ","0,00 ","0,00 ","0,00 ","0,00 ","0,00 ","0,00 ","0,00 ","0,00 ","0,00 ","0,00 ","0,00 ","0,00 ","318.731,54 ","318.731,54 ","0,00 ","248.087,09 ","27.817,90 ","27.817,90 ","0,00 ","220.269,19 ","220.269,19 ","0,00 ","0,00 ","0,00 ","0,00 ","0,00 ","0,00 ","0,00 ","0,00 ","0,00 ","0,00 ","0,00 ","0,00 ","0,00 ","0,00 ","0,00 ","0,00 ","0,00 ","0,00 ","0,00 ","0,00 ","0,00 ","0,00 ","0,00 ","0,00 ","0,00 ","0,00 ","0,00 ","0,00 ","0,00 ","0,00 ","0,00 ","0,00 ","0,00 ","0,00 ","0,00 ","0,00 ","1.529.200,56 "
161.,182 ,OBČINA SVETI ANDRAŽ V SLOVENSKIH GORICAH,"349,00 ","349,00 ","0,00 ","0,00 ","349,00 ","0,00 ","0,00 ","0,00 ","0,00 ","0,00 ","0,00 ","0,00 ","0,00 ","0,00 ","0,00 ","0,00 ","0,00 ","0,00 ","0,00 ","6.191,26 ","0,00 ","0,00 ","1.678,58 ","1.678,58 ","0,00 ","4.512,68 ","0,00 ","572,40 ","3.940,28 ","0,00 ","0,00 ","0,00 ","1.528,80 ","0,00 ","0,00 ","0,00 ","0,00 ","0,00 ","0,00 ","0,00 ","1.528,80 ","0,00 ","1.528,80 ","0,00 ","0,00 ","0,00 ","0,00 ","0,00 ","0,00 ","0,00 ","0,00 ","0,00 ","0,00 ","0,00 ","0,00 ","0,00 ","0,00 ","0,00 ","0,00 ","0,00 ","0,00 ","0,00 ","0,00 ","0,00 ","0,00 ","0,00 ","0,00 ","0,00 ","0,00 ","0,00 ","0,00 ","0,00 ","0,00 ","0,00 ","0,00 ","0,00 ","303.593,97 ","303.455,56 ","0,00 ","291.832,58 ","0,00 ","11.622,98 ","0,00 ","0,00 ","0,00 ","0,00 ","0,00 ","0,00 ","0,00 ","0,00 ","138,41 ","138,41 ","0,00 ","0,00 ","0,00 ","0,00 ","0,00 ","0,00 ","0,00 ","0,00 ","0,00 ","0,00 ","0,00 ","0,00 ","0,00 ","0,00 ","0,00 ","0,00 ","0,00 ","0,00 ","0,00 ","0,00 ","0,00 ","2.383,60 ","2.383,60 ","0,00 ","2.383,60 ","0,00 ","0,00 ","0,00 ","0,00 ","0,00 ","0,00 ","0,00 ","0,00 ","0,00 ","0,00 ","0,00 ","0,00 ","0,00 ","0,00 ","0,00 ","0,00 ","0,00 ","0,00 ","0,00 ","0,00 ","0,00 ","0,00 ","0,00 ","0,00 ","0,00 ","0,00 ","0,00 ","0,00 ","0,00 ","0,00 ","0,00 ","0,00 ","0,00 ","0,00 ","0,00 ","0,00 ","0,00 ","0,00 ","0,00 ","0,00 ","0,00 ","0,00 ","0,00 ","0,00 ","0,00 ","91.762,02 ","0,00 ","0,00 ","0,00 ","91.762,02 ","91.762,02 ","0,00 ","0,00 ","0,00 ","0,00 ","0,00 ","0,00 ","0,00 ","0,00 ","0,00 ","0,00 ","0,00 ","0,00 ","0,00 ","0,00 ","0,00 ","0,00 ","0,00 ","0,00 ","0,00 ","0,00 ","0,00 ","0,00 ","0,00 ","0,00 ","0,00 ","0,00 ","0,00 ","0,00 ","0,00 ","0,00 ","0,00 ","0,00 ","0,00 ","0,00 ","0,00 ","0,00 ","405.808,65 "
162.,116 ,OBČINA SVETI JURIJ,"0,00 ","0,00 ","0,00 ","0,00 ","0,00 ","0,00 ","0,00 ","0,00 ","0,00 ","0,00 ","0,00 ","0,00 ","0,00 ","0,00 ","0,00 ","0,00 ","0,00 ","0,00 ","0,00 ","0,00 ","0,00 ","0,00 ","0,00 ","0,00 ","0,00 ","0,00 ","0,00 ","0,00 ","0,00 ","0,00 ","0,00 ","0,00 ","9.502,54 ","0,00 ","0,00 ","0,00 ","0,00 ","0,00 ","0,00 ","0,00 ","9.502,54 ","9.502,54 ","0,00 ","0,00 ","0,00 ","0,00 ","0,00 ","0,00 ","0,00 ","0,00 ","0,00 ","0,00 ","0,00 ","0,00 ","0,00 ","0,00 ","0,00 ","0,00 ","0,00 ","0,00 ","0,00 ","0,00 ","0,00 ","0,00 ","0,00 ","0,00 ","0,00 ","0,00 ","0,00 ","0,00 ","0,00 ","0,00 ","0,00 ","0,00 ","0,00 ","0,00 ","1.178.134,31 ","1.178.134,31 ","0,00 ","1.085.955,86 ","92.178,45 ","0,00 ","0,00 ","0,00 ","0,00 ","0,00 ","0,00 ","0,00 ","0,00 ","0,00 ","0,00 ","0,00 ","0,00 ","0,00 ","0,00 ","0,00 ","0,00 ","0,00 ","0,00 ","0,00 ","37.737,21 ","0,00 ","0,00 ","37.737,21 ","0,00 ","34.388,41 ","3.348,80 ","0,00 ","0,00 ","0,00 ","0,00 ","0,00 ","0,00 ","112.579,69 ","4.532,84 ","0,00 ","0,00 ","4.532,84 ","108.046,85 ","94.299,48 ","13.747,37 ","0,00 ","0,00 ","0,00 ","0,00 ","0,00 ","0,00 ","0,00 ","0,00 ","0,00 ","0,00 ","0,00 ","0,00 ","0,00 ","0,00 ","0,00 ","0,00 ","0,00 ","0,00 ","0,00 ","0,00 ","0,00 ","0,00 ","136.925,52 ","136.925,52 ","136.925,52 ","0,00 ","0,00 ","0,00 ","0,00 ","0,00 ","0,00 ","0,00 ","0,00 ","0,00 ","0,00 ","0,00 ","0,00 ","0,00 ","0,00 ","0,00 ","0,00 ","37.731,70 ","0,00 ","0,00 ","0,00 ","37.731,70 ","37.731,70 ","0,00 ","0,00 ","0,00 ","0,00 ","0,00 ","0,00 ","0,00 ","0,00 ","0,00 ","0,00 ","0,00 ","0,00 ","0,00 ","0,00 ","0,00 ","0,00 ","0,00 ","0,00 ","0,00 ","0,00 ","0,00 ","0,00 ","0,00 ","0,00 ","0,00 ","0,00 ","0,00 ","0,00 ","0,00 ","0,00 ","0,00 ","0,00 ","0,00 ","0,00 ","0,00 ","0,00 ","1.512.610,97 "
163.,210 ,OBČINA SVETI JURIJ V SLOVENSKIH GORICAH,"0,00 ","0,00 ","0,00 ","0,00 ","0,00 ","0,00 ","0,00 ","0,00 ","0,00 ","0,00 ","0,00 ","0,00 ","0,00 ","0,00 ","0,00 ","0,00 ","0,00 ","0,00 ","0,00 ","0,00 ","0,00 ","0,00 ","0,00 ","0,00 ","0,00 ","0,00 ","0,00 ","0,00 ","0,00 ","0,00 ","0,00 ","0,00 ","6.790,21 ","0,00 ","0,00 ","0,00 ","0,00 ","0,00 ","0,00 ","0,00 ","6.790,21 ","1.058,86 ","5.731,35 ","0,00 ","0,00 ","0,00 ","0,00 ","0,00 ","0,00 ","0,00 ","0,00 ","0,00 ","0,00 ","0,00 ","2.140,84 ","2.140,84 ","0,00 ","2.140,84 ","0,00 ","0,00 ","0,00 ","0,00 ","0,00 ","0,00 ","0,00 ","0,00 ","0,00 ","0,00 ","0,00 ","0,00 ","0,00 ","0,00 ","0,00 ","0,00 ","0,00 ","0,00 ","579.220,29 ","579.220,29 ","43.591,45 ","511.569,75 ","0,00 ","24.059,09 ","0,00 ","0,00 ","0,00 ","0,00 ","0,00 ","0,00 ","0,00 ","0,00 ","0,00 ","0,00 ","0,00 ","0,00 ","0,00 ","0,00 ","0,00 ","0,00 ","0,00 ","0,00 ","783.936,40 ","0,00 ","0,00 ","783.936,40 ","0,00 ","783.936,40 ","0,00 ","0,00 ","0,00 ","0,00 ","0,00 ","0,00 ","0,00 ","157.453,02 ","11.650,38 ","6.866,38 ","0,00 ","4.784,00 ","34.583,23 ","32.584,35 ","1.998,88 ","0,00 ","0,00 ","0,00 ","0,00 ","0,00 ","0,00 ","0,00 ","111.219,41 ","88.076,64 ","23.142,77 ","0,00 ","0,00 ","0,00 ","0,00 ","0,00 ","0,00 ","0,00 ","0,00 ","0,00 ","0,00 ","0,00 ","0,00 ","1.441,80 ","0,00 ","0,00 ","0,00 ","1.441,80 ","0,00 ","0,00 ","0,00 ","0,00 ","1.441,80 ","0,00 ","0,00 ","0,00 ","0,00 ","0,00 ","0,00 ","0,00 ","0,00 ","0,00 ","260.447,38 ","0,00 ","0,00 ","0,00 ","260.447,38 ","260.447,38 ","0,00 ","0,00 ","0,00 ","0,00 ","0,00 ","0,00 ","0,00 ","0,00 ","0,00 ","0,00 ","0,00 ","0,00 ","0,00 ","0,00 ","0,00 ","0,00 ","0,00 ","0,00 ","0,00 ","0,00 ","0,00 ","0,00 ","0,00 ","0,00 ","0,00 ","0,00 ","0,00 ","0,00 ","0,00 ","0,00 ","0,00 ","0,00 ","0,00 ","0,00 ","0,00 ","0,00 ","1.791.429,94 "
164.,205 ,OBČINA SVETI TOMAŽ,"0,00 ","0,00 ","0,00 ","0,00 ","0,00 ","0,00 ","0,00 ","0,00 ","0,00 ","0,00 ","0,00 ","0,00 ","0,00 ","0,00 ","0,00 ","0,00 ","0,00 ","0,00 ","0,00 ","0,00 ","0,00 ","0,00 ","0,00 ","0,00 ","0,00 ","0,00 ","0,00 ","0,00 ","0,00 ","0,00 ","0,00 ","0,00 ","7.795,50 ","0,00 ","0,00 ","0,00 ","0,00 ","0,00 ","0,00 ","0,00 ","7.795,50 ","0,00 ","7.795,50 ","0,00 ","0,00 ","0,00 ","0,00 ","0,00 ","0,00 ","0,00 ","0,00 ","0,00 ","0,00 ","0,00 ","0,00 ","0,00 ","0,00 ","0,00 ","0,00 ","0,00 ","0,00 ","0,00 ","0,00 ","0,00 ","0,00 ","0,00 ","0,00 ","0,00 ","0,00 ","0,00 ","0,00 ","0,00 ","0,00 ","0,00 ","0,00 ","0,00 ","911.201,77 ","900.231,37 ","0,00 ","890.333,54 ","0,00 ","9.897,83 ","0,00 ","0,00 ","0,00 ","0,00 ","0,00 ","0,00 ","0,00 ","0,00 ","10.970,40 ","10.970,40 ","0,00 ","0,00 ","0,00 ","0,00 ","0,00 ","0,00 ","0,00 ","0,00 ","20.515,15 ","0,00 ","0,00 ","20.515,15 ","4.745,52 ","15.769,63 ","0,00 ","0,00 ","0,00 ","0,00 ","0,00 ","0,00 ","0,00 ","99.451,77 ","15.749,56 ","0,00 ","0,00 ","15.749,56 ","68.699,64 ","68.083,22 ","616,42 ","0,00 ","0,00 ","0,00 ","4.002,57 ","0,00 ","0,00 ","4.002,57 ","11.000,00 ","0,00 ","11.000,00 ","0,00 ","0,00 ","0,00 ","0,00 ","0,00 ","0,00 ","0,00 ","0,00 ","0,00 ","0,00 ","0,00 ","0,00 ","118.789,06 ","0,00 ","0,00 ","0,00 ","82.710,38 ","0,00 ","0,00 ","0,00 ","0,00 ","82.710,38 ","0,00 ","0,00 ","0,00 ","0,00 ","0,00 ","0,00 ","36.078,68 ","36.078,68 ","0,00 ","0,00 ","0,00 ","0,00 ","0,00 ","0,00 ","0,00 ","0,00 ","0,00 ","0,00 ","0,00 ","0,00 ","0,00 ","0,00 ","0,00 ","0,00 ","0,00 ","0,00 ","0,00 ","0,00 ","0,00 ","0,00 ","0,00 ","0,00 ","0,00 ","0,00 ","0,00 ","0,00 ","0,00 ","0,00 ","0,00 ","0,00 ","0,00 ","0,00 ","0,00 ","0,00 ","0,00 ","0,00 ","0,00 ","0,00 ","0,00 ","0,00 ","0,00 ","1.157.753,25 "
165.,33 ,OBČINA ŠALOVCI,"0,00 ","0,00 ","0,00 ","0,00 ","0,00 ","0,00 ","0,00 ","0,00 ","0,00 ","0,00 ","0,00 ","0,00 ","0,00 ","0,00 ","0,00 ","0,00 ","0,00 ","0,00 ","0,00 ","0,00 ","0,00 ","0,00 ","0,00 ","0,00 ","0,00 ","0,00 ","0,00 ","0,00 ","0,00 ","0,00 ","0,00 ","0,00 ","15.172,24 ","0,00 ","0,00 ","0,00 ","0,00 ","0,00 ","0,00 ","0,00 ","15.172,24 ","0,00 ","15.172,24 ","0,00 ","0,00 ","0,00 ","0,00 ","0,00 ","0,00 ","0,00 ","0,00 ","0,00 ","0,00 ","0,00 ","0,00 ","0,00 ","0,00 ","0,00 ","0,00 ","0,00 ","0,00 ","0,00 ","0,00 ","0,00 ","0,00 ","0,00 ","0,00 ","0,00 ","0,00 ","0,00 ","0,00 ","0,00 ","0,00 ","0,00 ","0,00 ","0,00 ","38.659,10 ","38.659,10 ","0,00 ","36.379,10 ","2.280,00 ","0,00 ","0,00 ","0,00 ","0,00 ","0,00 ","0,00 ","0,00 ","0,00 ","0,00 ","0,00 ","0,00 ","0,00 ","0,00 ","0,00 ","0,00 ","0,00 ","0,00 ","0,00 ","0,00 ","113.399,38 ","0,00 ","0,00 ","113.399,38 ","0,00 ","113.399,38 ","0,00 ","0,00 ","0,00 ","0,00 ","0,00 ","0,00 ","0,00 ","586.704,86 ","13.120,40 ","0,00 ","0,00 ","13.120,40 ","573.584,46 ","573.584,46 ","0,00 ","0,00 ","0,00 ","0,00 ","0,00 ","0,00 ","0,00 ","0,00 ","0,00 ","0,00 ","0,00 ","0,00 ","0,00 ","0,00 ","0,00 ","0,00 ","0,00 ","0,00 ","0,00 ","0,00 ","0,00 ","0,00 ","0,00 ","8.774,18 ","0,00 ","0,00 ","0,00 ","8.774,18 ","0,00 ","0,00 ","0,00 ","0,00 ","8.774,18 ","0,00 ","0,00 ","0,00 ","0,00 ","0,00 ","0,00 ","0,00 ","0,00 ","0,00 ","0,00 ","0,00 ","0,00 ","0,00 ","0,00 ","0,00 ","0,00 ","0,00 ","0,00 ","0,00 ","0,00 ","0,00 ","0,00 ","0,00 ","0,00 ","0,00 ","0,00 ","0,00 ","0,00 ","0,00 ","0,00 ","0,00 ","0,00 ","0,00 ","0,00 ","0,00 ","0,00 ","0,00 ","0,00 ","0,00 ","0,00 ","0,00 ","0,00 ","0,00 ","0,00 ","0,00 ","0,00 ","0,00 ","0,00 ","0,00 ","0,00 ","0,00 ","762.709,76 "
166.,183 ,OBČINA ŠEMPETER-VRTOJBA,"0,00 ","0,00 ","0,00 ","0,00 ","0,00 ","0,00 ","0,00 ","0,00 ","0,00 ","0,00 ","0,00 ","0,00 ","0,00 ","0,00 ","0,00 ","0,00 ","0,00 ","0,00 ","0,00 ","101.479,36 ","0,00 ","0,00 ","5.671,37 ","5.671,37 ","0,00 ","95.807,99 ","0,00 ","0,00 ","95.807,99 ","0,00 ","0,00 ","0,00 ","33.670,93 ","12.576,80 ","0,00 ","0,00 ","12.576,80 ","0,00 ","0,00 ","0,00 ","21.094,13 ","0,00 ","21.094,13 ","24.707,99 ","24.707,99 ","24.707,99 ","0,00 ","0,00 ","0,00 ","0,00 ","0,00 ","0,00 ","0,00 ","0,00 ","0,00 ","0,00 ","0,00 ","0,00 ","0,00 ","0,00 ","0,00 ","0,00 ","0,00 ","0,00 ","0,00 ","0,00 ","0,00 ","2.160,00 ","0,00 ","0,00 ","0,00 ","0,00 ","2.160,00 ","2.160,00 ","0,00 ","0,00 ","223.074,83 ","223.074,83 ","0,00 ","198.749,08 ","0,00 ","24.325,75 ","0,00 ","0,00 ","0,00 ","0,00 ","0,00 ","0,00 ","0,00 ","0,00 ","0,00 ","0,00 ","55.378,43 ","0,00 ","0,00 ","55.378,43 ","55.378,43 ","0,00 ","0,00 ","0,00 ","16.042,27 ","0,00 ","0,00 ","16.042,27 ","16.042,27 ","0,00 ","0,00 ","0,00 ","0,00 ","0,00 ","0,00 ","0,00 ","0,00 ","455.808,49 ","117.966,58 ","0,00 ","0,00 ","117.966,58 ","20.840,57 ","0,00 ","0,00 ","0,00 ","0,00 ","20.840,57 ","0,00 ","0,00 ","0,00 ","0,00 ","317.001,34 ","2.141,35 ","314.859,99 ","0,00 ","0,00 ","0,00 ","0,00 ","0,00 ","0,00 ","0,00 ","0,00 ","0,00 ","0,00 ","0,00 ","0,00 ","597.757,88 ","590.350,36 ","590.350,36 ","0,00 ","327,52 ","0,00 ","0,00 ","0,00 ","0,00 ","327,52 ","0,00 ","0,00 ","0,00 ","0,00 ","0,00 ","0,00 ","7.080,00 ","2.400,00 ","4.680,00 ","125.349,11 ","59.479,65 ","59.479,65 ","0,00 ","65.869,46 ","65.869,46 ","0,00 ","0,00 ","0,00 ","0,00 ","0,00 ","0,00 ","0,00 ","0,00 ","0,00 ","0,00 ","0,00 ","0,00 ","0,00 ","0,00 ","29.152,10 ","0,00 ","0,00 ","0,00 ","0,00 ","29.152,10 ","0,00 ","0,00 ","29.152,10 ","0,00 ","0,00 ","0,00 ","0,00 ","0,00 ","0,00 ","0,00 ","0,00 ","0,00 ","0,00 ","0,00 ","0,00 ","0,00 ","1.664.581,39 "
167.,117 ,OBČINA ŠENČUR,"0,00 ","0,00 ","0,00 ","0,00 ","0,00 ","0,00 ","0,00 ","0,00 ","0,00 ","0,00 ","0,00 ","0,00 ","0,00 ","0,00 ","0,00 ","0,00 ","0,00 ","0,00 ","0,00 ","0,00 ","0,00 ","0,00 ","0,00 ","0,00 ","0,00 ","0,00 ","0,00 ","0,00 ","0,00 ","0,00 ","0,00 ","0,00 ","43.111,11 ","0,00 ","0,00 ","0,00 ","0,00 ","0,00 ","0,00 ","0,00 ","43.111,11 ","0,00 ","43.111,11 ","0,00 ","0,00 ","0,00 ","0,00 ","0,00 ","0,00 ","0,00 ","0,00 ","0,00 ","0,00 ","0,00 ","0,00 ","0,00 ","0,00 ","0,00 ","0,00 ","0,00 ","0,00 ","0,00 ","0,00 ","0,00 ","0,00 ","0,00 ","0,00 ","0,00 ","0,00 ","0,00 ","0,00 ","0,00 ","0,00 ","0,00 ","0,00 ","0,00 ","95.290,47 ","95.290,47 ","0,00 ","95.290,47 ","0,00 ","0,00 ","0,00 ","0,00 ","0,00 ","0,00 ","0,00 ","0,00 ","0,00 ","0,00 ","0,00 ","0,00 ","0,00 ","0,00 ","0,00 ","0,00 ","0,00 ","0,00 ","0,00 ","0,00 ","913.934,98 ","0,00 ","0,00 ","12.234,32 ","0,00 ","12.234,32 ","0,00 ","901.700,66 ","901.700,66 ","0,00 ","0,00 ","0,00 ","0,00 ","52.691,79 ","0,00 ","0,00 ","0,00 ","0,00 ","4.371,84 ","3.686,70 ","685,14 ","0,00 ","0,00 ","0,00 ","0,00 ","0,00 ","0,00 ","0,00 ","48.319,95 ","0,00 ","48.319,95 ","618,84 ","618,84 ","618,84 ","0,00 ","0,00 ","0,00 ","0,00 ","0,00 ","0,00 ","0,00 ","0,00 ","0,00 ","493.561,78 ","0,00 ","0,00 ","0,00 ","493.561,78 ","0,00 ","0,00 ","0,00 ","0,00 ","493.561,78 ","0,00 ","0,00 ","0,00 ","0,00 ","0,00 ","0,00 ","0,00 ","0,00 ","0,00 ","861.311,48 ","861.311,48 ","861.311,48 ","0,00 ","0,00 ","0,00 ","0,00 ","0,00 ","0,00 ","0,00 ","0,00 ","0,00 ","0,00 ","0,00 ","0,00 ","0,00 ","0,00 ","0,00 ","0,00 ","0,00 ","0,00 ","0,00 ","0,00 ","0,00 ","0,00 ","0,00 ","0,00 ","0,00 ","0,00 ","0,00 ","0,00 ","0,00 ","0,00 ","0,00 ","0,00 ","0,00 ","0,00 ","0,00 ","0,00 ","0,00 ","0,00 ","0,00 ","2.460.520,45 "
168.,118 ,OBČINA ŠENTILJ,"0,00 ","0,00 ","0,00 ","0,00 ","0,00 ","0,00 ","0,00 ","0,00 ","0,00 ","0,00 ","0,00 ","0,00 ","0,00 ","0,00 ","0,00 ","0,00 ","0,00 ","0,00 ","0,00 ","40.868,99 ","0,00 ","0,00 ","0,00 ","0,00 ","0,00 ","40.868,99 ","0,00 ","0,00 ","40.868,99 ","0,00 ","0,00 ","0,00 ","119.314,99 ","0,00 ","0,00 ","0,00 ","0,00 ","0,00 ","0,00 ","0,00 ","119.314,99 ","0,00 ","119.314,99 ","360,00 ","360,00 ","0,00 ","360,00 ","0,00 ","0,00 ","0,00 ","0,00 ","0,00 ","0,00 ","0,00 ","0,00 ","0,00 ","0,00 ","0,00 ","0,00 ","0,00 ","0,00 ","0,00 ","0,00 ","0,00 ","0,00 ","0,00 ","0,00 ","0,00 ","0,00 ","0,00 ","0,00 ","0,00 ","0,00 ","0,00 ","0,00 ","0,00 ","2.957.176,79 ","2.957.176,79 ","0,00 ","2.951.582,59 ","4.503,28 ","1.090,92 ","0,00 ","0,00 ","0,00 ","0,00 ","0,00 ","0,00 ","0,00 ","0,00 ","0,00 ","0,00 ","0,00 ","0,00 ","0,00 ","0,00 ","0,00 ","0,00 ","0,00 ","0,00 ","350.902,26 ","0,00 ","0,00 ","350.902,26 ","0,00 ","350.902,26 ","0,00 ","0,00 ","0,00 ","0,00 ","0,00 ","0,00 ","0,00 ","331.351,87 ","41.654,99 ","0,00 ","0,00 ","41.654,99 ","228.096,64 ","136.893,34 ","1.533,00 ","89.670,30 ","0,00 ","0,00 ","0,00 ","0,00 ","0,00 ","0,00 ","61.600,24 ","17.389,31 ","44.210,93 ","17.897,91 ","17.897,91 ","17.897,91 ","0,00 ","0,00 ","0,00 ","0,00 ","0,00 ","0,00 ","0,00 ","0,00 ","0,00 ","9.000,00 ","0,00 ","0,00 ","0,00 ","9.000,00 ","0,00 ","0,00 ","0,00 ","0,00 ","9.000,00 ","0,00 ","0,00 ","0,00 ","0,00 ","0,00 ","0,00 ","0,00 ","0,00 ","0,00 ","1.600.750,72 ","85.249,02 ","85.249,02 ","0,00 ","1.515.501,70 ","1.515.501,70 ","0,00 ","0,00 ","0,00 ","0,00 ","0,00 ","0,00 ","0,00 ","0,00 ","0,00 ","0,00 ","0,00 ","0,00 ","0,00 ","0,00 ","4.045,31 ","0,00 ","0,00 ","0,00 ","0,00 ","4.045,31 ","0,00 ","4.045,31 ","0,00 ","0,00 ","0,00 ","0,00 ","0,00 ","0,00 ","0,00 ","0,00 ","10.190,40 ","10.190,40 ","0,00 ","10.190,40 ","0,00 ","0,00 ","5.441.859,24 "
169.,119 ,OBČINA ŠENTJERNEJ,"0,00 ","0,00 ","0,00 ","0,00 ","0,00 ","0,00 ","0,00 ","0,00 ","0,00 ","0,00 ","0,00 ","0,00 ","0,00 ","0,00 ","0,00 ","0,00 ","0,00 ","0,00 ","0,00 ","0,00 ","0,00 ","0,00 ","0,00 ","0,00 ","0,00 ","0,00 ","0,00 ","0,00 ","0,00 ","0,00 ","0,00 ","0,00 ","18.444,42 ","0,00 ","0,00 ","0,00 ","0,00 ","0,00 ","0,00 ","0,00 ","18.444,42 ","4.180,24 ","14.264,18 ","4.982,56 ","4.982,56 ","4.982,56 ","0,00 ","0,00 ","0,00 ","0,00 ","0,00 ","0,00 ","0,00 ","0,00 ","12.190,85 ","12.190,85 ","0,00 ","12.190,85 ","0,00 ","0,00 ","0,00 ","0,00 ","0,00 ","0,00 ","0,00 ","0,00 ","0,00 ","0,00 ","0,00 ","0,00 ","0,00 ","0,00 ","0,00 ","0,00 ","0,00 ","0,00 ","717.670,95 ","717.670,95 ","0,00 ","688.039,94 ","18.749,57 ","10.881,44 ","0,00 ","0,00 ","0,00 ","0,00 ","0,00 ","0,00 ","0,00 ","0,00 ","0,00 ","0,00 ","948,83 ","0,00 ","0,00 ","0,00 ","0,00 ","948,83 ","0,00 ","948,83 ","16.086,46 ","0,00 ","0,00 ","16.086,46 ","9.783,60 ","6.302,86 ","0,00 ","0,00 ","0,00 ","0,00 ","0,00 ","0,00 ","0,00 ","462.307,05 ","203.155,84 ","0,00 ","0,00 ","203.155,84 ","252.269,89 ","249.139,15 ","3.130,74 ","0,00 ","0,00 ","0,00 ","0,00 ","0,00 ","0,00 ","0,00 ","6.881,32 ","0,00 ","6.881,32 ","0,00 ","0,00 ","0,00 ","0,00 ","0,00 ","0,00 ","0,00 ","0,00 ","0,00 ","0,00 ","0,00 ","0,00 ","3.868.187,10 ","47.235,39 ","47.235,39 ","0,00 ","3.820.951,71 ","0,00 ","0,00 ","3.820.951,71 ","0,00 ","0,00 ","0,00 ","0,00 ","0,00 ","0,00 ","0,00 ","0,00 ","0,00 ","0,00 ","0,00 ","47.537,42 ","47.537,42 ","47.537,42 ","0,00 ","0,00 ","0,00 ","0,00 ","0,00 ","0,00 ","0,00 ","0,00 ","0,00 ","0,00 ","0,00 ","0,00 ","0,00 ","0,00 ","0,00 ","0,00 ","0,00 ","0,00 ","0,00 ","0,00 ","0,00 ","0,00 ","0,00 ","0,00 ","0,00 ","0,00 ","0,00 ","0,00 ","0,00 ","0,00 ","0,00 ","0,00 ","0,00 ","0,00 ","0,00 ","0,00 ","0,00 ","0,00 ","0,00 ","5.148.355,64 "
170.,120 ,OBČINA ŠENTJUR,"0,00 ","0,00 ","0,00 ","0,00 ","0,00 ","0,00 ","0,00 ","0,00 ","0,00 ","0,00 ","0,00 ","0,00 ","0,00 ","0,00 ","0,00 ","0,00 ","0,00 ","0,00 ","0,00 ","51.339,59 ","0,00 ","0,00 ","0,00 ","0,00 ","0,00 ","51.339,59 ","0,00 ","0,00 ","51.339,59 ","0,00 ","0,00 ","0,00 ","545.867,30 ","0,00 ","0,00 ","0,00 ","0,00 ","482.427,53 ","482.427,53 ","0,00 ","63.439,77 ","63.439,77 ","0,00 ","0,00 ","0,00 ","0,00 ","0,00 ","0,00 ","0,00 ","0,00 ","0,00 ","0,00 ","0,00 ","0,00 ","0,00 ","0,00 ","0,00 ","0,00 ","0,00 ","0,00 ","0,00 ","0,00 ","0,00 ","0,00 ","0,00 ","0,00 ","0,00 ","0,00 ","0,00 ","0,00 ","0,00 ","0,00 ","0,00 ","0,00 ","0,00 ","0,00 ","2.455.593,42 ","2.455.593,42 ","55.090,40 ","1.922.896,48 ","201.814,54 ","0,00 ","0,00 ","275.792,00 ","0,00 ","0,00 ","0,00 ","0,00 ","0,00 ","0,00 ","0,00 ","0,00 ","261.258,99 ","0,00 ","0,00 ","0,00 ","0,00 ","261.258,99 ","0,00 ","261.258,99 ","4.145.719,45 ","0,00 ","0,00 ","4.145.719,45 ","0,00 ","4.145.719,45 ","0,00 ","0,00 ","0,00 ","0,00 ","0,00 ","0,00 ","0,00 ","1.058.820,62 ","39.785,06 ","0,00 ","0,00 ","39.785,06 ","601.201,92 ","73.116,26 ","0,00 ","0,00 ","0,00 ","528.085,66 ","119.751,57 ","0,00 ","113.243,98 ","6.507,59 ","298.082,07 ","17.119,57 ","280.962,50 ","0,00 ","0,00 ","0,00 ","0,00 ","0,00 ","0,00 ","0,00 ","0,00 ","0,00 ","0,00 ","0,00 ","0,00 ","596.122,78 ","0,00 ","0,00 ","0,00 ","556.676,86 ","0,00 ","0,00 ","0,00 ","0,00 ","556.676,86 ","0,00 ","0,00 ","0,00 ","0,00 ","0,00 ","0,00 ","39.445,92 ","39.445,92 ","0,00 ","3.868,84 ","0,00 ","0,00 ","0,00 ","3.868,84 ","3.868,84 ","0,00 ","0,00 ","0,00 ","0,00 ","0,00 ","0,00 ","0,00 ","0,00 ","0,00 ","0,00 ","0,00 ","0,00 ","0,00 ","0,00 ","0,00 ","0,00 ","0,00 ","0,00 ","0,00 ","0,00 ","0,00 ","0,00 ","0,00 ","0,00 ","0,00 ","0,00 ","0,00 ","0,00 ","0,00 ","0,00 ","0,00 ","0,00 ","0,00 ","0,00 ","0,00 ","0,00 ","9.118.590,99 "
171.,211 ,OBČINA ŠENTRUPERT,"0,00 ","0,00 ","0,00 ","0,00 ","0,00 ","0,00 ","0,00 ","0,00 ","0,00 ","0,00 ","0,00 ","0,00 ","0,00 ","0,00 ","0,00 ","0,00 ","0,00 ","0,00 ","0,00 ","0,00 ","0,00 ","0,00 ","0,00 ","0,00 ","0,00 ","0,00 ","0,00 ","0,00 ","0,00 ","0,00 ","0,00 ","0,00 ","17.575,94 ","0,00 ","0,00 ","0,00 ","0,00 ","0,00 ","0,00 ","0,00 ","17.575,94 ","0,00 ","17.575,94 ","0,00 ","0,00 ","0,00 ","0,00 ","0,00 ","0,00 ","0,00 ","0,00 ","0,00 ","0,00 ","0,00 ","0,00 ","0,00 ","0,00 ","0,00 ","0,00 ","0,00 ","0,00 ","0,00 ","0,00 ","0,00 ","0,00 ","0,00 ","0,00 ","0,00 ","0,00 ","0,00 ","0,00 ","0,00 ","0,00 ","0,00 ","0,00 ","0,00 ","556.301,08 ","551.981,08 ","0,00 ","506.557,75 ","0,00 ","2.499,60 ","0,00 ","42.923,73 ","0,00 ","0,00 ","0,00 ","0,00 ","0,00 ","0,00 ","4.320,00 ","4.320,00 ","0,00 ","0,00 ","0,00 ","0,00 ","0,00 ","0,00 ","0,00 ","0,00 ","0,00 ","0,00 ","0,00 ","0,00 ","0,00 ","0,00 ","0,00 ","0,00 ","0,00 ","0,00 ","0,00 ","0,00 ","0,00 ","122.499,00 ","118.066,00 ","0,00 ","0,00 ","118.066,00 ","4.000,00 ","2.000,00 ","2.000,00 ","0,00 ","0,00 ","0,00 ","433,00 ","0,00 ","433,00 ","0,00 ","0,00 ","0,00 ","0,00 ","0,00 ","0,00 ","0,00 ","0,00 ","0,00 ","0,00 ","0,00 ","0,00 ","0,00 ","0,00 ","0,00 ","0,00 ","6.540,00 ","6.540,00 ","0,00 ","6.540,00 ","0,00 ","0,00 ","0,00 ","0,00 ","0,00 ","0,00 ","0,00 ","0,00 ","0,00 ","0,00 ","0,00 ","0,00 ","0,00 ","0,00 ","0,00 ","1.099.468,32 ","19.860,00 ","19.860,00 ","0,00 ","1.079.608,32 ","1.079.608,32 ","0,00 ","0,00 ","0,00 ","0,00 ","0,00 ","0,00 ","0,00 ","0,00 ","0,00 ","0,00 ","0,00 ","0,00 ","0,00 ","0,00 ","0,00 ","0,00 ","0,00 ","0,00 ","0,00 ","0,00 ","0,00 ","0,00 ","0,00 ","0,00 ","0,00 ","0,00 ","0,00 ","0,00 ","0,00 ","0,00 ","0,00 ","0,00 ","0,00 ","0,00 ","0,00 ","0,00 ","1.802.384,34 "
172.,121 ,OBČINA ŠKOCJAN,"0,00 ","0,00 ","0,00 ","0,00 ","0,00 ","0,00 ","0,00 ","0,00 ","0,00 ","0,00 ","0,00 ","0,00 ","0,00 ","0,00 ","0,00 ","0,00 ","0,00 ","0,00 ","0,00 ","285,04 ","0,00 ","0,00 ","0,00 ","0,00 ","0,00 ","285,04 ","0,00 ","0,00 ","285,04 ","0,00 ","0,00 ","0,00 ","13.791,04 ","0,00 ","0,00 ","0,00 ","0,00 ","0,00 ","0,00 ","0,00 ","13.791,04 ","0,00 ","13.791,04 ","0,00 ","0,00 ","0,00 ","0,00 ","0,00 ","0,00 ","0,00 ","0,00 ","0,00 ","0,00 ","0,00 ","0,00 ","0,00 ","0,00 ","0,00 ","0,00 ","0,00 ","0,00 ","0,00 ","0,00 ","0,00 ","0,00 ","0,00 ","0,00 ","0,00 ","0,00 ","0,00 ","0,00 ","0,00 ","0,00 ","0,00 ","0,00 ","0,00 ","726.636,44 ","726.636,44 ","0,00 ","724.636,44 ","0,00 ","2.000,00 ","0,00 ","0,00 ","0,00 ","0,00 ","0,00 ","0,00 ","0,00 ","0,00 ","0,00 ","0,00 ","35.706,09 ","0,00 ","0,00 ","1.250,00 ","1.250,00 ","34.456,09 ","0,00 ","34.456,09 ","1.888,41 ","0,00 ","0,00 ","1.888,41 ","0,00 ","1.888,41 ","0,00 ","0,00 ","0,00 ","0,00 ","0,00 ","0,00 ","0,00 ","0,00 ","0,00 ","0,00 ","0,00 ","0,00 ","0,00 ","0,00 ","0,00 ","0,00 ","0,00 ","0,00 ","0,00 ","0,00 ","0,00 ","0,00 ","0,00 ","0,00 ","0,00 ","0,00 ","0,00 ","0,00 ","0,00 ","0,00 ","0,00 ","0,00 ","0,00 ","0,00 ","0,00 ","0,00 ","0,00 ","1.000,00 ","0,00 ","0,00 ","0,00 ","0,00 ","0,00 ","0,00 ","0,00 ","0,00 ","0,00 ","0,00 ","0,00 ","0,00 ","0,00 ","0,00 ","0,00 ","1.000,00 ","1.000,00 ","0,00 ","5.000,00 ","0,00 ","0,00 ","0,00 ","5.000,00 ","5.000,00 ","0,00 ","0,00 ","0,00 ","0,00 ","0,00 ","0,00 ","0,00 ","0,00 ","0,00 ","0,00 ","0,00 ","0,00 ","0,00 ","0,00 ","0,00 ","0,00 ","0,00 ","0,00 ","0,00 ","0,00 ","0,00 ","0,00 ","0,00 ","0,00 ","0,00 ","0,00 ","0,00 ","0,00 ","0,00 ","0,00 ","0,00 ","0,00 ","0,00 ","0,00 ","0,00 ","0,00 ","784.307,02 "
173.,122 ,OBČINA ŠKOFJA LOKA,"0,00 ","0,00 ","0,00 ","0,00 ","0,00 ","0,00 ","0,00 ","0,00 ","0,00 ","0,00 ","0,00 ","0,00 ","0,00 ","0,00 ","0,00 ","0,00 ","0,00 ","0,00 ","0,00 ","60.023,65 ","0,00 ","0,00 ","53.928,59 ","53.928,59 ","0,00 ","6.095,06 ","0,00 ","0,00 ","6.095,06 ","13.200,00 ","13.200,00 ","13.200,00 ","53.016,95 ","0,00 ","0,00 ","0,00 ","0,00 ","33.595,58 ","33.595,58 ","0,00 ","19.421,37 ","0,00 ","19.421,37 ","38.400,00 ","38.400,00 ","38.400,00 ","0,00 ","0,00 ","0,00 ","0,00 ","0,00 ","0,00 ","0,00 ","0,00 ","230,00 ","230,00 ","0,00 ","0,00 ","230,00 ","0,00 ","0,00 ","0,00 ","0,00 ","0,00 ","0,00 ","0,00 ","0,00 ","101.945,41 ","0,00 ","0,00 ","101.945,41 ","101.945,41 ","0,00 ","0,00 ","0,00 ","0,00 ","4.355.847,63 ","4.264.203,33 ","91.428,91 ","2.975.880,84 ","364.075,70 ","307.363,17 ","29.580,00 ","495.874,71 ","91.644,30 ","91.644,30 ","0,00 ","0,00 ","0,00 ","0,00 ","0,00 ","0,00 ","0,00 ","0,00 ","0,00 ","0,00 ","0,00 ","0,00 ","0,00 ","0,00 ","2.079.069,18 ","0,00 ","0,00 ","2.079.069,18 ","106.448,99 ","1.972.620,19 ","0,00 ","0,00 ","0,00 ","0,00 ","0,00 ","0,00 ","0,00 ","2.173.484,80 ","0,00 ","0,00 ","0,00 ","0,00 ","1.237.071,00 ","1.159.139,10 ","77.931,90 ","0,00 ","0,00 ","0,00 ","292.408,94 ","0,00 ","292.408,94 ","0,00 ","644.004,86 ","0,00 ","644.004,86 ","0,00 ","0,00 ","0,00 ","0,00 ","0,00 ","0,00 ","0,00 ","0,00 ","0,00 ","0,00 ","0,00 ","0,00 ","1.797.652,08 ","0,00 ","0,00 ","0,00 ","1.692.652,08 ","2.868,00 ","0,00 ","0,00 ","0,00 ","1.689.784,08 ","0,00 ","0,00 ","0,00 ","0,00 ","0,00 ","0,00 ","105.000,00 ","15.000,00 ","90.000,00 ","0,00 ","0,00 ","0,00 ","0,00 ","0,00 ","0,00 ","0,00 ","0,00 ","0,00 ","0,00 ","0,00 ","0,00 ","0,00 ","0,00 ","0,00 ","0,00 ","0,00 ","0,00 ","0,00 ","0,00 ","1.576,48 ","0,00 ","0,00 ","0,00 ","0,00 ","1.576,48 ","0,00 ","0,00 ","1.576,48 ","0,00 ","0,00 ","0,00 ","0,00 ","0,00 ","0,00 ","0,00 ","654.690,58 ","654.690,58 ","0,00 ","654.690,58 ","0,00 ","0,00 ","11.329.136,76 "
174.,123 ,OBČINA ŠKOFLJICA,"0,00 ","0,00 ","0,00 ","0,00 ","0,00 ","0,00 ","0,00 ","0,00 ","0,00 ","0,00 ","0,00 ","0,00 ","0,00 ","0,00 ","0,00 ","0,00 ","0,00 ","0,00 ","0,00 ","0,00 ","0,00 ","0,00 ","0,00 ","0,00 ","0,00 ","0,00 ","0,00 ","0,00 ","0,00 ","0,00 ","0,00 ","0,00 ","55.365,08 ","0,00 ","0,00 ","0,00 ","0,00 ","0,00 ","0,00 ","0,00 ","55.365,08 ","0,00 ","55.365,08 ","4.291,04 ","4.291,04 ","4.291,04 ","0,00 ","3.150,00 ","3.150,00 ","1.950,00 ","1.200,00 ","0,00 ","0,00 ","0,00 ","0,00 ","0,00 ","0,00 ","0,00 ","0,00 ","0,00 ","0,00 ","0,00 ","0,00 ","0,00 ","0,00 ","0,00 ","0,00 ","0,00 ","0,00 ","0,00 ","0,00 ","0,00 ","0,00 ","0,00 ","0,00 ","0,00 ","145.789,01 ","145.789,01 ","0,00 ","123.158,49 ","5.956,94 ","16.673,58 ","0,00 ","0,00 ","0,00 ","0,00 ","0,00 ","0,00 ","0,00 ","0,00 ","0,00 ","0,00 ","401.066,64 ","0,00 ","0,00 ","401.066,64 ","401.066,64 ","0,00 ","0,00 ","0,00 ","543.493,64 ","0,00 ","0,00 ","528.253,64 ","0,00 ","528.253,64 ","0,00 ","15.240,00 ","15.240,00 ","0,00 ","0,00 ","0,00 ","0,00 ","1.511.264,16 ","76.656,63 ","9.990,00 ","0,00 ","66.666,63 ","123.107,15 ","32.457,67 ","90.649,48 ","0,00 ","0,00 ","0,00 ","6.569,28 ","0,00 ","6.569,28 ","0,00 ","1.304.931,10 ","0,00 ","1.304.931,10 ","4.616,00 ","4.616,00 ","4.616,00 ","0,00 ","0,00 ","0,00 ","0,00 ","0,00 ","0,00 ","0,00 ","0,00 ","0,00 ","44.387,05 ","14.781,53 ","14.781,53 ","0,00 ","9.902,16 ","0,00 ","0,00 ","0,00 ","0,00 ","9.902,16 ","0,00 ","0,00 ","0,00 ","0,00 ","0,00 ","0,00 ","19.703,36 ","19.703,36 ","0,00 ","460.445,21 ","231.252,13 ","231.252,13 ","0,00 ","229.193,08 ","229.193,08 ","0,00 ","0,00 ","0,00 ","0,00 ","0,00 ","0,00 ","0,00 ","0,00 ","0,00 ","0,00 ","0,00 ","0,00 ","0,00 ","0,00 ","0,00 ","0,00 ","0,00 ","0,00 ","0,00 ","0,00 ","0,00 ","0,00 ","0,00 ","0,00 ","0,00 ","0,00 ","0,00 ","0,00 ","0,00 ","0,00 ","0,00 ","0,00 ","0,00 ","0,00 ","0,00 ","0,00 ","3.173.867,83 "
175.,124 ,OBČINA ŠMARJE PRI JELŠAH,"0,00 ","0,00 ","0,00 ","0,00 ","0,00 ","0,00 ","0,00 ","0,00 ","0,00 ","0,00 ","0,00 ","0,00 ","0,00 ","0,00 ","0,00 ","0,00 ","0,00 ","0,00 ","0,00 ","100.169,40 ","0,00 ","0,00 ","857,45 ","857,45 ","0,00 ","99.311,95 ","0,00 ","0,00 ","99.311,95 ","0,00 ","0,00 ","0,00 ","7.590,30 ","0,00 ","0,00 ","0,00 ","0,00 ","0,00 ","0,00 ","0,00 ","7.590,30 ","0,00 ","7.590,30 ","5.151,48 ","5.151,48 ","5.151,48 ","0,00 ","0,00 ","0,00 ","0,00 ","0,00 ","0,00 ","0,00 ","0,00 ","0,00 ","0,00 ","0,00 ","0,00 ","0,00 ","0,00 ","0,00 ","0,00 ","0,00 ","0,00 ","0,00 ","0,00 ","0,00 ","0,00 ","0,00 ","0,00 ","0,00 ","0,00 ","0,00 ","0,00 ","0,00 ","0,00 ","1.701.202,81 ","1.701.202,81 ","0,00 ","1.605.969,25 ","80.037,78 ","15.195,78 ","0,00 ","0,00 ","0,00 ","0,00 ","0,00 ","0,00 ","0,00 ","0,00 ","0,00 ","0,00 ","11.760,00 ","0,00 ","0,00 ","0,00 ","0,00 ","11.760,00 ","0,00 ","11.760,00 ","153.027,14 ","0,00 ","0,00 ","123.062,02 ","1.129,20 ","121.932,82 ","0,00 ","0,00 ","0,00 ","0,00 ","0,00 ","29.965,12 ","29.965,12 ","851.475,20 ","108.752,00 ","0,00 ","0,00 ","108.752,00 ","198.970,73 ","28.907,09 ","167.526,89 ","2.536,75 ","0,00 ","0,00 ","271.040,79 ","0,00 ","271.040,79 ","0,00 ","272.711,68 ","94.800,12 ","177.911,56 ","0,00 ","0,00 ","0,00 ","0,00 ","0,00 ","0,00 ","0,00 ","0,00 ","0,00 ","0,00 ","0,00 ","0,00 ","494.442,34 ","104.747,35 ","104.747,35 ","0,00 ","239.921,29 ","0,00 ","0,00 ","0,00 ","0,00 ","239.921,29 ","0,00 ","0,00 ","0,00 ","0,00 ","0,00 ","0,00 ","149.773,70 ","149.773,70 ","0,00 ","604.928,40 ","6.883,08 ","6.883,08 ","0,00 ","598.045,32 ","598.045,32 ","0,00 ","0,00 ","0,00 ","0,00 ","0,00 ","0,00 ","0,00 ","0,00 ","0,00 ","0,00 ","0,00 ","0,00 ","0,00 ","0,00 ","0,00 ","0,00 ","0,00 ","0,00 ","0,00 ","0,00 ","0,00 ","0,00 ","0,00 ","0,00 ","0,00 ","0,00 ","0,00 ","0,00 ","0,00 ","0,00 ","0,00 ","0,00 ","0,00 ","0,00 ","0,00 ","0,00 ","3.929.747,07 "
176.,206 ,OBČINA ŠMARJEŠKE TOPLICE,"0,00 ","0,00 ","0,00 ","0,00 ","0,00 ","0,00 ","0,00 ","0,00 ","0,00 ","0,00 ","0,00 ","0,00 ","0,00 ","0,00 ","0,00 ","0,00 ","0,00 ","0,00 ","0,00 ","0,00 ","0,00 ","0,00 ","0,00 ","0,00 ","0,00 ","0,00 ","0,00 ","0,00 ","0,00 ","0,00 ","0,00 ","0,00 ","9.111,63 ","0,00 ","0,00 ","0,00 ","0,00 ","0,00 ","0,00 ","0,00 ","9.111,63 ","0,00 ","9.111,63 ","0,00 ","0,00 ","0,00 ","0,00 ","0,00 ","0,00 ","0,00 ","0,00 ","0,00 ","0,00 ","0,00 ","0,00 ","0,00 ","0,00 ","0,00 ","0,00 ","0,00 ","0,00 ","0,00 ","0,00 ","0,00 ","0,00 ","0,00 ","0,00 ","0,00 ","0,00 ","0,00 ","0,00 ","0,00 ","0,00 ","0,00 ","0,00 ","0,00 ","233.830,91 ","233.830,91 ","0,00 ","178.615,19 ","8.139,18 ","0,00 ","0,00 ","47.076,54 ","0,00 ","0,00 ","0,00 ","0,00 ","0,00 ","0,00 ","0,00 ","0,00 ","1.223,77 ","0,00 ","0,00 ","0,00 ","0,00 ","1.223,77 ","0,00 ","1.223,77 ","82.530,33 ","0,00 ","0,00 ","82.530,33 ","0,00 ","82.530,33 ","0,00 ","0,00 ","0,00 ","0,00 ","0,00 ","0,00 ","0,00 ","189.905,79 ","80.922,31 ","0,00 ","0,00 ","80.922,31 ","101.629,19 ","81.624,39 ","20.004,80 ","0,00 ","0,00 ","0,00 ","0,00 ","0,00 ","0,00 ","0,00 ","7.354,29 ","0,00 ","7.354,29 ","20.567,76 ","20.567,76 ","20.567,76 ","0,00 ","0,00 ","0,00 ","0,00 ","0,00 ","0,00 ","0,00 ","0,00 ","0,00 ","0,00 ","0,00 ","0,00 ","0,00 ","0,00 ","0,00 ","0,00 ","0,00 ","0,00 ","0,00 ","0,00 ","0,00 ","0,00 ","0,00 ","0,00 ","0,00 ","0,00 ","0,00 ","0,00 ","436.217,43 ","81.773,06 ","81.773,06 ","0,00 ","354.444,37 ","354.444,37 ","0,00 ","0,00 ","0,00 ","0,00 ","0,00 ","0,00 ","0,00 ","0,00 ","0,00 ","0,00 ","0,00 ","0,00 ","0,00 ","0,00 ","0,00 ","0,00 ","0,00 ","0,00 ","0,00 ","0,00 ","0,00 ","0,00 ","0,00 ","0,00 ","0,00 ","0,00 ","0,00 ","0,00 ","0,00 ","0,00 ","0,00 ","0,00 ","0,00 ","0,00 ","0,00 ","0,00 ","973.387,62 "
177.,125 ,OBČINA ŠMARTNO OB PAKI,"600,00 ","600,00 ","600,00 ","0,00 ","0,00 ","0,00 ","0,00 ","0,00 ","0,00 ","0,00 ","0,00 ","0,00 ","0,00 ","0,00 ","0,00 ","0,00 ","0,00 ","0,00 ","0,00 ","0,00 ","0,00 ","0,00 ","0,00 ","0,00 ","0,00 ","0,00 ","0,00 ","0,00 ","0,00 ","0,00 ","0,00 ","0,00 ","79.234,17 ","0,00 ","0,00 ","0,00 ","0,00 ","0,00 ","0,00 ","0,00 ","79.234,17 ","0,00 ","79.234,17 ","3.463,58 ","3.463,58 ","3.463,58 ","0,00 ","0,00 ","0,00 ","0,00 ","0,00 ","0,00 ","0,00 ","0,00 ","0,00 ","0,00 ","0,00 ","0,00 ","0,00 ","0,00 ","0,00 ","0,00 ","0,00 ","0,00 ","0,00 ","0,00 ","0,00 ","0,00 ","0,00 ","0,00 ","0,00 ","0,00 ","0,00 ","0,00 ","0,00 ","0,00 ","116.962,69 ","116.962,69 ","0,00 ","70.803,80 ","0,00 ","46.158,89 ","0,00 ","0,00 ","0,00 ","0,00 ","0,00 ","0,00 ","0,00 ","0,00 ","0,00 ","0,00 ","4.350,00 ","0,00 ","0,00 ","0,00 ","0,00 ","4.350,00 ","0,00 ","4.350,00 ","71.850,42 ","0,00 ","0,00 ","71.850,42 ","0,00 ","71.850,42 ","0,00 ","0,00 ","0,00 ","0,00 ","0,00 ","0,00 ","0,00 ","91.987,64 ","2.573,12 ","0,00 ","0,00 ","2.573,12 ","46.414,52 ","46.414,52 ","0,00 ","0,00 ","0,00 ","0,00 ","8.000,00 ","0,00 ","8.000,00 ","0,00 ","35.000,00 ","0,00 ","35.000,00 ","8.826,00 ","8.826,00 ","8.826,00 ","0,00 ","0,00 ","0,00 ","0,00 ","0,00 ","0,00 ","0,00 ","0,00 ","0,00 ","30.209,61 ","0,00 ","0,00 ","0,00 ","10.011,19 ","5.916,66 ","0,00 ","0,00 ","0,00 ","4.094,53 ","0,00 ","0,00 ","0,00 ","0,00 ","0,00 ","0,00 ","20.198,42 ","20.198,42 ","0,00 ","5.822,41 ","5.822,41 ","5.822,41 ","0,00 ","0,00 ","0,00 ","0,00 ","0,00 ","0,00 ","0,00 ","0,00 ","0,00 ","0,00 ","0,00 ","0,00 ","0,00 ","0,00 ","0,00 ","0,00 ","0,00 ","0,00 ","0,00 ","0,00 ","0,00 ","0,00 ","0,00 ","0,00 ","0,00 ","0,00 ","0,00 ","0,00 ","0,00 ","0,00 ","0,00 ","0,00 ","0,00 ","0,00 ","0,00 ","0,00 ","0,00 ","0,00 ","0,00 ","413.306,52 "
178.,194 ,OBČINA ŠMARTNO PRI LITIJI,"0,00 ","0,00 ","0,00 ","0,00 ","0,00 ","0,00 ","0,00 ","0,00 ","0,00 ","0,00 ","0,00 ","0,00 ","0,00 ","0,00 ","0,00 ","0,00 ","0,00 ","0,00 ","0,00 ","0,00 ","0,00 ","0,00 ","0,00 ","0,00 ","0,00 ","0,00 ","0,00 ","0,00 ","0,00 ","0,00 ","0,00 ","0,00 ","11.964,57 ","0,00 ","0,00 ","0,00 ","0,00 ","0,00 ","0,00 ","0,00 ","11.964,57 ","11.964,57 ","0,00 ","0,00 ","0,00 ","0,00 ","0,00 ","0,00 ","0,00 ","0,00 ","0,00 ","0,00 ","0,00 ","0,00 ","0,00 ","0,00 ","0,00 ","0,00 ","0,00 ","0,00 ","0,00 ","0,00 ","0,00 ","0,00 ","0,00 ","0,00 ","0,00 ","0,00 ","0,00 ","0,00 ","0,00 ","0,00 ","0,00 ","0,00 ","0,00 ","0,00 ","100.143,89 ","100.143,89 ","0,00 ","88.128,66 ","0,00 ","12.015,23 ","0,00 ","0,00 ","0,00 ","0,00 ","0,00 ","0,00 ","0,00 ","0,00 ","0,00 ","0,00 ","0,00 ","0,00 ","0,00 ","0,00 ","0,00 ","0,00 ","0,00 ","0,00 ","30.036,21 ","0,00 ","0,00 ","30.036,21 ","0,00 ","30.036,21 ","0,00 ","0,00 ","0,00 ","0,00 ","0,00 ","0,00 ","0,00 ","1.510.882,78 ","0,00 ","0,00 ","0,00 ","0,00 ","1.274.401,14 ","579.839,41 ","81.438,69 ","610.831,54 ","0,00 ","2.291,50 ","228.181,64 ","0,00 ","0,00 ","228.181,64 ","8.300,00 ","0,00 ","8.300,00 ","0,00 ","0,00 ","0,00 ","0,00 ","0,00 ","0,00 ","0,00 ","0,00 ","0,00 ","0,00 ","0,00 ","0,00 ","794,01 ","0,00 ","0,00 ","0,00 ","794,01 ","0,00 ","0,00 ","0,00 ","0,00 ","794,01 ","0,00 ","0,00 ","0,00 ","0,00 ","0,00 ","0,00 ","0,00 ","0,00 ","0,00 ","0,00 ","0,00 ","0,00 ","0,00 ","0,00 ","0,00 ","0,00 ","0,00 ","0,00 ","0,00 ","0,00 ","0,00 ","0,00 ","0,00 ","0,00 ","0,00 ","0,00 ","0,00 ","0,00 ","0,00 ","0,00 ","0,00 ","0,00 ","0,00 ","0,00 ","0,00 ","0,00 ","0,00 ","0,00 ","0,00 ","0,00 ","0,00 ","0,00 ","0,00 ","0,00 ","0,00 ","0,00 ","0,00 ","0,00 ","0,00 ","0,00 ","0,00 ","1.653.821,46 "
179.,126 ,OBČINA ŠOŠTANJ,"9.551,41 ","9.551,41 ","9.551,41 ","0,00 ","0,00 ","0,00 ","0,00 ","0,00 ","0,00 ","0,00 ","0,00 ","0,00 ","0,00 ","0,00 ","0,00 ","0,00 ","0,00 ","0,00 ","0,00 ","401.907,83 ","0,00 ","0,00 ","0,00 ","0,00 ","0,00 ","401.907,83 ","0,00 ","0,00 ","401.907,83 ","0,00 ","0,00 ","0,00 ","45.684,11 ","0,00 ","0,00 ","0,00 ","0,00 ","848,91 ","848,91 ","0,00 ","44.835,20 ","368,00 ","44.467,20 ","0,00 ","0,00 ","0,00 ","0,00 ","0,00 ","0,00 ","0,00 ","0,00 ","0,00 ","0,00 ","0,00 ","0,00 ","0,00 ","0,00 ","0,00 ","0,00 ","0,00 ","0,00 ","0,00 ","0,00 ","0,00 ","0,00 ","0,00 ","0,00 ","17.671,84 ","0,00 ","0,00 ","0,00 ","0,00 ","0,00 ","0,00 ","17.671,84 ","17.671,84 ","2.807.646,01 ","2.807.646,01 ","0,00 ","1.411.064,09 ","1.361.832,24 ","34.749,68 ","0,00 ","0,00 ","0,00 ","0,00 ","0,00 ","0,00 ","0,00 ","0,00 ","0,00 ","0,00 ","2.340,00 ","0,00 ","0,00 ","0,00 ","0,00 ","2.340,00 ","0,00 ","2.340,00 ","81.195,30 ","0,00 ","0,00 ","81.195,30 ","0,00 ","81.195,30 ","0,00 ","0,00 ","0,00 ","0,00 ","0,00 ","0,00 ","0,00 ","624.633,78 ","46.106,54 ","1.485,90 ","0,00 ","44.620,64 ","83.844,43 ","0,00 ","83.844,43 ","0,00 ","0,00 ","0,00 ","205.872,45 ","0,00 ","165.740,00 ","40.132,45 ","288.810,36 ","9.134,86 ","279.675,50 ","106.367,57 ","106.367,57 ","106.367,57 ","0,00 ","0,00 ","0,00 ","0,00 ","0,00 ","0,00 ","0,00 ","0,00 ","0,00 ","1.793.094,04 ","545.693,70 ","545.693,70 ","0,00 ","890.859,06 ","0,00 ","0,00 ","0,00 ","0,00 ","890.859,06 ","0,00 ","0,00 ","0,00 ","0,00 ","0,00 ","0,00 ","356.541,28 ","343.890,72 ","12.650,56 ","328.824,39 ","67.461,51 ","67.461,51 ","0,00 ","261.362,88 ","261.362,88 ","0,00 ","0,00 ","0,00 ","0,00 ","0,00 ","0,00 ","0,00 ","0,00 ","0,00 ","0,00 ","0,00 ","0,00 ","0,00 ","0,00 ","0,00 ","0,00 ","0,00 ","0,00 ","0,00 ","0,00 ","0,00 ","0,00 ","0,00 ","0,00 ","0,00 ","0,00 ","0,00 ","0,00 ","0,00 ","0,00 ","3.484,44 ","3.484,44 ","0,00 ","3.484,44 ","0,00 ","0,00 ","6.222.400,72 "
180.,127 ,OBČINA ŠTORE,"0,00 ","0,00 ","0,00 ","0,00 ","0,00 ","0,00 ","0,00 ","0,00 ","0,00 ","0,00 ","0,00 ","0,00 ","0,00 ","0,00 ","0,00 ","0,00 ","0,00 ","0,00 ","0,00 ","31.393,59 ","0,00 ","0,00 ","0,00 ","0,00 ","0,00 ","31.393,59 ","0,00 ","0,00 ","31.393,59 ","0,00 ","0,00 ","0,00 ","25.454,19 ","0,00 ","0,00 ","0,00 ","0,00 ","0,00 ","0,00 ","0,00 ","25.454,19 ","111,00 ","25.343,19 ","3.984,00 ","3.984,00 ","0,00 ","3.984,00 ","0,00 ","0,00 ","0,00 ","0,00 ","0,00 ","0,00 ","0,00 ","0,00 ","0,00 ","0,00 ","0,00 ","0,00 ","0,00 ","0,00 ","0,00 ","0,00 ","0,00 ","0,00 ","0,00 ","0,00 ","0,00 ","0,00 ","0,00 ","0,00 ","0,00 ","0,00 ","0,00 ","0,00 ","0,00 ","172.300,83 ","172.300,83 ","81.492,24 ","57.325,51 ","5.000,80 ","27.378,28 ","0,00 ","1.104,00 ","0,00 ","0,00 ","0,00 ","0,00 ","0,00 ","0,00 ","0,00 ","0,00 ","0,00 ","0,00 ","0,00 ","0,00 ","0,00 ","0,00 ","0,00 ","0,00 ","172.559,44 ","0,00 ","0,00 ","172.559,44 ","0,00 ","172.559,44 ","0,00 ","0,00 ","0,00 ","0,00 ","0,00 ","0,00 ","0,00 ","5.774,45 ","0,00 ","0,00 ","0,00 ","0,00 ","5.330,45 ","0,00 ","0,00 ","0,00 ","0,00 ","5.330,45 ","0,00 ","0,00 ","0,00 ","0,00 ","444,00 ","0,00 ","444,00 ","0,00 ","0,00 ","0,00 ","0,00 ","0,00 ","0,00 ","0,00 ","0,00 ","0,00 ","0,00 ","0,00 ","0,00 ","36.138,11 ","0,00 ","0,00 ","0,00 ","2.150,40 ","0,00 ","0,00 ","0,00 ","0,00 ","2.150,40 ","0,00 ","0,00 ","0,00 ","0,00 ","0,00 ","0,00 ","33.987,71 ","33.987,71 ","0,00 ","97.102,14 ","90.532,74 ","90.532,74 ","0,00 ","6.569,40 ","6.569,40 ","0,00 ","0,00 ","0,00 ","0,00 ","0,00 ","0,00 ","0,00 ","0,00 ","0,00 ","0,00 ","0,00 ","0,00 ","0,00 ","0,00 ","0,00 ","0,00 ","0,00 ","0,00 ","0,00 ","0,00 ","0,00 ","0,00 ","0,00 ","0,00 ","0,00 ","0,00 ","0,00 ","0,00 ","0,00 ","0,00 ","0,00 ","0,00 ","0,00 ","0,00 ","0,00 ","0,00 ","544.706,75 "
181.,184 ,OBČINA TABOR,"0,00 ","0,00 ","0,00 ","0,00 ","0,00 ","0,00 ","0,00 ","0,00 ","0,00 ","0,00 ","0,00 ","0,00 ","0,00 ","0,00 ","0,00 ","0,00 ","0,00 ","0,00 ","0,00 ","46.139,55 ","0,00 ","0,00 ","0,00 ","0,00 ","0,00 ","46.139,55 ","0,00 ","0,00 ","46.139,55 ","0,00 ","0,00 ","0,00 ","8.862,50 ","0,00 ","0,00 ","0,00 ","0,00 ","0,00 ","0,00 ","0,00 ","8.862,50 ","89,26 ","8.773,24 ","5.855,29 ","5.855,29 ","3.172,29 ","2.683,00 ","0,00 ","0,00 ","0,00 ","0,00 ","0,00 ","0,00 ","0,00 ","43,80 ","43,80 ","0,00 ","43,80 ","0,00 ","0,00 ","0,00 ","0,00 ","0,00 ","0,00 ","0,00 ","0,00 ","0,00 ","0,00 ","0,00 ","0,00 ","0,00 ","0,00 ","0,00 ","0,00 ","0,00 ","0,00 ","108.793,79 ","108.793,79 ","3.000,00 ","103.993,79 ","0,00 ","1.800,00 ","0,00 ","0,00 ","0,00 ","0,00 ","0,00 ","0,00 ","0,00 ","0,00 ","0,00 ","0,00 ","0,00 ","0,00 ","0,00 ","0,00 ","0,00 ","0,00 ","0,00 ","0,00 ","16.432,71 ","0,00 ","0,00 ","16.432,71 ","0,00 ","16.432,71 ","0,00 ","0,00 ","0,00 ","0,00 ","0,00 ","0,00 ","0,00 ","160.555,34 ","22.410,77 ","0,00 ","0,00 ","22.410,77 ","49.966,61 ","49.966,61 ","0,00 ","0,00 ","0,00 ","0,00 ","88.177,96 ","0,00 ","9.468,00 ","78.709,96 ","0,00 ","0,00 ","0,00 ","0,00 ","0,00 ","0,00 ","0,00 ","0,00 ","0,00 ","0,00 ","0,00 ","0,00 ","0,00 ","0,00 ","0,00 ","528,06 ","0,00 ","0,00 ","0,00 ","0,00 ","0,00 ","0,00 ","0,00 ","0,00 ","0,00 ","0,00 ","0,00 ","0,00 ","0,00 ","0,00 ","0,00 ","528,06 ","528,06 ","0,00 ","3.220,00 ","0,00 ","0,00 ","0,00 ","3.220,00 ","3.220,00 ","0,00 ","0,00 ","0,00 ","0,00 ","0,00 ","0,00 ","0,00 ","0,00 ","0,00 ","0,00 ","0,00 ","0,00 ","0,00 ","0,00 ","6.743,98 ","0,00 ","0,00 ","0,00 ","0,00 ","6.743,98 ","0,00 ","0,00 ","6.743,98 ","0,00 ","0,00 ","0,00 ","0,00 ","0,00 ","0,00 ","0,00 ","5.768,10 ","5.768,10 ","0,00 ","5.768,10 ","0,00 ","0,00 ","362.943,12 "
182.,10 ,OBČINA TIŠINA,"0,00 ","0,00 ","0,00 ","0,00 ","0,00 ","0,00 ","0,00 ","0,00 ","0,00 ","0,00 ","0,00 ","0,00 ","0,00 ","0,00 ","0,00 ","0,00 ","0,00 ","0,00 ","0,00 ","943,44 ","0,00 ","0,00 ","943,44 ","714,87 ","228,57 ","0,00 ","0,00 ","0,00 ","0,00 ","0,00 ","0,00 ","0,00 ","5.993,36 ","0,00 ","0,00 ","0,00 ","0,00 ","0,00 ","0,00 ","0,00 ","5.993,36 ","0,00 ","5.993,36 ","286,93 ","286,93 ","286,93 ","0,00 ","0,00 ","0,00 ","0,00 ","0,00 ","0,00 ","0,00 ","0,00 ","0,00 ","0,00 ","0,00 ","0,00 ","0,00 ","0,00 ","0,00 ","0,00 ","0,00 ","0,00 ","0,00 ","0,00 ","0,00 ","15.435,65 ","0,00 ","0,00 ","0,00 ","0,00 ","15.435,65 ","15.435,65 ","0,00 ","0,00 ","742.815,87 ","742.815,87 ","0,00 ","735.344,66 ","3.970,57 ","3.500,64 ","0,00 ","0,00 ","0,00 ","0,00 ","0,00 ","0,00 ","0,00 ","0,00 ","0,00 ","0,00 ","0,00 ","0,00 ","0,00 ","0,00 ","0,00 ","0,00 ","0,00 ","0,00 ","495.764,24 ","0,00 ","0,00 ","495.764,24 ","0,00 ","495.764,24 ","0,00 ","0,00 ","0,00 ","0,00 ","0,00 ","0,00 ","0,00 ","156.630,35 ","7.050,00 ","0,00 ","0,00 ","7.050,00 ","149.391,35 ","38.689,89 ","110.701,46 ","0,00 ","0,00 ","0,00 ","0,00 ","0,00 ","0,00 ","0,00 ","189,00 ","189,00 ","0,00 ","0,00 ","0,00 ","0,00 ","0,00 ","0,00 ","0,00 ","0,00 ","0,00 ","0,00 ","0,00 ","0,00 ","0,00 ","6.043,20 ","6.043,20 ","6.043,20 ","0,00 ","0,00 ","0,00 ","0,00 ","0,00 ","0,00 ","0,00 ","0,00 ","0,00 ","0,00 ","0,00 ","0,00 ","0,00 ","0,00 ","0,00 ","0,00 ","44.611,27 ","44.611,27 ","44.611,27 ","0,00 ","0,00 ","0,00 ","0,00 ","0,00 ","0,00 ","0,00 ","0,00 ","0,00 ","0,00 ","0,00 ","0,00 ","0,00 ","0,00 ","0,00 ","0,00 ","0,00 ","0,00 ","0,00 ","0,00 ","0,00 ","0,00 ","0,00 ","0,00 ","0,00 ","0,00 ","0,00 ","0,00 ","0,00 ","0,00 ","0,00 ","0,00 ","0,00 ","0,00 ","0,00 ","0,00 ","0,00 ","0,00 ","0,00 ","1.468.524,31 "
183.,128 ,OBČINA TOLMIN,"0,00 ","0,00 ","0,00 ","0,00 ","0,00 ","0,00 ","0,00 ","0,00 ","0,00 ","0,00 ","0,00 ","0,00 ","0,00 ","25.280,00 ","25.280,00 ","0,00 ","25.280,00 ","0,00 ","0,00 ","16.863,69 ","0,00 ","0,00 ","11.823,69 ","11.823,69 ","0,00 ","5.040,00 ","0,00 ","0,00 ","5.040,00 ","0,00 ","0,00 ","0,00 ","4.749,07 ","0,00 ","0,00 ","0,00 ","0,00 ","0,00 ","0,00 ","0,00 ","4.749,07 ","49,90 ","4.699,17 ","4.646,58 ","4.646,58 ","4.646,58 ","0,00 ","0,00 ","0,00 ","0,00 ","0,00 ","0,00 ","0,00 ","0,00 ","26.986,83 ","26.986,83 ","0,00 ","26.986,83 ","0,00 ","0,00 ","0,00 ","0,00 ","0,00 ","0,00 ","0,00 ","0,00 ","0,00 ","0,00 ","0,00 ","0,00 ","0,00 ","0,00 ","0,00 ","0,00 ","0,00 ","0,00 ","1.554.936,78 ","1.554.936,78 ","72.001,87 ","1.376.886,66 ","0,00 ","71.329,56 ","0,00 ","34.718,69 ","0,00 ","0,00 ","0,00 ","0,00 ","0,00 ","0,00 ","0,00 ","0,00 ","0,00 ","0,00 ","0,00 ","0,00 ","0,00 ","0,00 ","0,00 ","0,00 ","39.671,79 ","0,00 ","0,00 ","39.671,79 ","2.880,00 ","36.791,79 ","0,00 ","0,00 ","0,00 ","0,00 ","0,00 ","0,00 ","0,00 ","562.270,97 ","140.894,74 ","0,00 ","0,00 ","140.894,74 ","46.688,12 ","0,00 ","0,00 ","46.688,12 ","0,00 ","0,00 ","123.572,84 ","0,00 ","123.572,84 ","0,00 ","251.115,27 ","46.506,97 ","204.608,30 ","0,00 ","0,00 ","0,00 ","0,00 ","0,00 ","0,00 ","0,00 ","0,00 ","0,00 ","0,00 ","0,00 ","0,00 ","15.030,00 ","3.654,00 ","3.654,00 ","0,00 ","0,00 ","0,00 ","0,00 ","0,00 ","0,00 ","0,00 ","0,00 ","0,00 ","0,00 ","0,00 ","0,00 ","0,00 ","11.376,00 ","11.376,00 ","0,00 ","872.288,01 ","0,00 ","0,00 ","0,00 ","872.288,01 ","5.880,00 ","866.408,01 ","0,00 ","0,00 ","0,00 ","0,00 ","0,00 ","0,00 ","0,00 ","0,00 ","0,00 ","0,00 ","0,00 ","0,00 ","0,00 ","0,00 ","0,00 ","0,00 ","0,00 ","0,00 ","0,00 ","0,00 ","0,00 ","0,00 ","0,00 ","0,00 ","0,00 ","0,00 ","0,00 ","0,00 ","0,00 ","0,00 ","0,00 ","0,00 ","0,00 ","0,00 ","0,00 ","3.122.723,72 "
184.,129 ,OBČINA TRBOVLJE,"0,00 ","0,00 ","0,00 ","0,00 ","0,00 ","0,00 ","0,00 ","0,00 ","0,00 ","0,00 ","0,00 ","0,00 ","0,00 ","0,00 ","0,00 ","0,00 ","0,00 ","0,00 ","0,00 ","178.941,66 ","0,00 ","0,00 ","23.308,89 ","17.284,12 ","6.024,77 ","155.632,77 ","0,00 ","0,00 ","155.632,77 ","0,00 ","0,00 ","0,00 ","157.893,46 ","0,00 ","0,00 ","0,00 ","0,00 ","0,00 ","0,00 ","0,00 ","157.893,46 ","0,00 ","157.893,46 ","0,00 ","0,00 ","0,00 ","0,00 ","0,00 ","0,00 ","0,00 ","0,00 ","0,00 ","0,00 ","0,00 ","0,00 ","0,00 ","0,00 ","0,00 ","0,00 ","0,00 ","0,00 ","0,00 ","0,00 ","0,00 ","0,00 ","0,00 ","0,00 ","0,00 ","0,00 ","0,00 ","0,00 ","0,00 ","0,00 ","0,00 ","0,00 ","0,00 ","2.072.230,78 ","2.072.230,78 ","0,00 ","1.907.301,61 ","102.791,28 ","55.743,17 ","0,00 ","6.394,72 ","0,00 ","0,00 ","0,00 ","0,00 ","0,00 ","0,00 ","0,00 ","0,00 ","0,00 ","0,00 ","0,00 ","0,00 ","0,00 ","0,00 ","0,00 ","0,00 ","2.111.042,12 ","0,00 ","0,00 ","2.109.224,12 ","0,00 ","2.109.224,12 ","0,00 ","0,00 ","0,00 ","0,00 ","0,00 ","1.818,00 ","1.818,00 ","1.042.889,20 ","174.202,80 ","0,00 ","0,00 ","174.202,80 ","123.660,48 ","40.092,71 ","0,00 ","83.567,77 ","0,00 ","0,00 ","446.344,08 ","0,00 ","446.344,08 ","0,00 ","298.681,84 ","253.640,42 ","45.041,42 ","0,00 ","0,00 ","0,00 ","0,00 ","0,00 ","0,00 ","0,00 ","0,00 ","0,00 ","0,00 ","0,00 ","0,00 ","0,00 ","0,00 ","0,00 ","0,00 ","0,00 ","0,00 ","0,00 ","0,00 ","0,00 ","0,00 ","0,00 ","0,00 ","0,00 ","0,00 ","0,00 ","0,00 ","0,00 ","0,00 ","0,00 ","1.068.488,57 ","0,00 ","0,00 ","0,00 ","1.068.488,57 ","1.068.488,57 ","0,00 ","0,00 ","0,00 ","0,00 ","0,00 ","0,00 ","0,00 ","0,00 ","0,00 ","0,00 ","0,00 ","0,00 ","0,00 ","0,00 ","0,00 ","0,00 ","0,00 ","0,00 ","0,00 ","0,00 ","0,00 ","0,00 ","0,00 ","0,00 ","0,00 ","0,00 ","0,00 ","0,00 ","0,00 ","0,00 ","0,00 ","0,00 ","0,00 ","0,00 ","0,00 ","0,00 ","6.631.485,79 "
185.,130 ,OBČINA TREBNJE,"0,00 ","0,00 ","0,00 ","0,00 ","0,00 ","0,00 ","0,00 ","0,00 ","0,00 ","0,00 ","0,00 ","0,00 ","0,00 ","0,00 ","0,00 ","0,00 ","0,00 ","0,00 ","0,00 ","0,00 ","0,00 ","0,00 ","0,00 ","0,00 ","0,00 ","0,00 ","0,00 ","0,00 ","0,00 ","0,00 ","0,00 ","0,00 ","43.651,65 ","0,00 ","0,00 ","0,00 ","0,00 ","0,00 ","0,00 ","0,00 ","43.651,65 ","0,00 ","43.651,65 ","448,58 ","448,58 ","448,58 ","0,00 ","0,00 ","0,00 ","0,00 ","0,00 ","0,00 ","0,00 ","0,00 ","45.436,83 ","45.436,83 ","0,00 ","45.436,83 ","0,00 ","0,00 ","0,00 ","0,00 ","0,00 ","0,00 ","0,00 ","0,00 ","0,00 ","0,00 ","0,00 ","0,00 ","0,00 ","0,00 ","0,00 ","0,00 ","0,00 ","0,00 ","1.766.527,11 ","1.456.095,51 ","0,00 ","1.215.795,80 ","6.692,82 ","155.430,91 ","0,00 ","78.175,98 ","310.431,60 ","310.431,60 ","0,00 ","0,00 ","0,00 ","0,00 ","0,00 ","0,00 ","0,00 ","0,00 ","0,00 ","0,00 ","0,00 ","0,00 ","0,00 ","0,00 ","706.428,31 ","0,00 ","0,00 ","706.428,31 ","1.449,90 ","704.978,41 ","0,00 ","0,00 ","0,00 ","0,00 ","0,00 ","0,00 ","0,00 ","306.961,99 ","20.173,80 ","0,00 ","2.424,01 ","17.749,79 ","199.932,00 ","26.824,14 ","86.893,88 ","86.213,98 ","0,00 ","0,00 ","9.138,19 ","0,00 ","9.138,19 ","0,00 ","77.718,00 ","0,00 ","77.718,00 ","0,00 ","0,00 ","0,00 ","0,00 ","0,00 ","0,00 ","0,00 ","0,00 ","0,00 ","0,00 ","0,00 ","0,00 ","43.440,98 ","0,00 ","0,00 ","0,00 ","43.440,98 ","0,00 ","0,00 ","0,00 ","0,00 ","43.440,98 ","0,00 ","0,00 ","0,00 ","0,00 ","0,00 ","0,00 ","0,00 ","0,00 ","0,00 ","1.763.626,04 ","71.946,73 ","71.946,73 ","0,00 ","1.691.679,31 ","1.691.679,31 ","0,00 ","0,00 ","0,00 ","0,00 ","0,00 ","0,00 ","0,00 ","0,00 ","0,00 ","0,00 ","0,00 ","0,00 ","0,00 ","0,00 ","191.884,01 ","0,00 ","0,00 ","0,00 ","0,00 ","191.884,01 ","0,00 ","0,00 ","46.192,61 ","145.691,40 ","0,00 ","0,00 ","0,00 ","0,00 ","0,00 ","0,00 ","0,00 ","0,00 ","0,00 ","0,00 ","0,00 ","0,00 ","4.868.405,50 "
186.,185 ,OBČINA TRNOVSKA VAS,"0,00 ","0,00 ","0,00 ","0,00 ","0,00 ","0,00 ","0,00 ","0,00 ","0,00 ","0,00 ","0,00 ","0,00 ","0,00 ","0,00 ","0,00 ","0,00 ","0,00 ","0,00 ","0,00 ","34.264,32 ","0,00 ","0,00 ","0,00 ","0,00 ","0,00 ","34.264,32 ","0,00 ","0,00 ","34.264,32 ","0,00 ","0,00 ","0,00 ","31.646,62 ","0,00 ","0,00 ","0,00 ","0,00 ","0,00 ","0,00 ","0,00 ","31.646,62 ","0,00 ","31.646,62 ","0,00 ","0,00 ","0,00 ","0,00 ","0,00 ","0,00 ","0,00 ","0,00 ","0,00 ","0,00 ","0,00 ","0,00 ","0,00 ","0,00 ","0,00 ","0,00 ","0,00 ","0,00 ","0,00 ","0,00 ","0,00 ","0,00 ","0,00 ","0,00 ","0,00 ","0,00 ","0,00 ","0,00 ","0,00 ","0,00 ","0,00 ","0,00 ","0,00 ","423.605,00 ","423.605,00 ","0,00 ","206.131,29 ","35.364,30 ","115.382,75 ","0,00 ","66.726,66 ","0,00 ","0,00 ","0,00 ","0,00 ","0,00 ","0,00 ","0,00 ","0,00 ","0,00 ","0,00 ","0,00 ","0,00 ","0,00 ","0,00 ","0,00 ","0,00 ","111.749,58 ","0,00 ","0,00 ","111.749,58 ","0,00 ","111.749,58 ","0,00 ","0,00 ","0,00 ","0,00 ","0,00 ","0,00 ","0,00 ","334,96 ","0,00 ","0,00 ","0,00 ","0,00 ","0,00 ","0,00 ","0,00 ","0,00 ","0,00 ","0,00 ","0,00 ","0,00 ","0,00 ","0,00 ","334,96 ","0,00 ","334,96 ","0,00 ","0,00 ","0,00 ","0,00 ","0,00 ","0,00 ","0,00 ","0,00 ","0,00 ","0,00 ","0,00 ","0,00 ","7.879,59 ","0,00 ","0,00 ","0,00 ","6.146,19 ","0,00 ","0,00 ","0,00 ","0,00 ","6.146,19 ","0,00 ","0,00 ","0,00 ","0,00 ","0,00 ","0,00 ","1.733,40 ","1.733,40 ","0,00 ","584,40 ","584,40 ","584,40 ","0,00 ","0,00 ","0,00 ","0,00 ","0,00 ","0,00 ","0,00 ","0,00 ","0,00 ","0,00 ","0,00 ","0,00 ","0,00 ","0,00 ","0,00 ","0,00 ","0,00 ","0,00 ","0,00 ","0,00 ","0,00 ","0,00 ","0,00 ","0,00 ","0,00 ","0,00 ","0,00 ","0,00 ","0,00 ","0,00 ","0,00 ","0,00 ","0,00 ","0,00 ","0,00 ","0,00 ","0,00 ","0,00 ","0,00 ","610.064,47 "
187.,186 ,OBČINA TRZIN,"719,17 ","719,17 ","250,58 ","0,00 ","468,59 ","0,00 ","0,00 ","0,00 ","0,00 ","0,00 ","0,00 ","0,00 ","0,00 ","0,00 ","0,00 ","0,00 ","0,00 ","0,00 ","0,00 ","4.822,98 ","0,00 ","0,00 ","1.988,81 ","1.988,81 ","0,00 ","2.834,17 ","1.510,97 ","0,00 ","1.323,20 ","0,00 ","0,00 ","0,00 ","29.139,76 ","10.540,84 ","10.540,84 ","0,00 ","0,00 ","0,00 ","0,00 ","0,00 ","18.598,92 ","5.606,77 ","12.992,15 ","7.033,12 ","7.033,12 ","7.033,12 ","0,00 ","0,00 ","0,00 ","0,00 ","0,00 ","0,00 ","0,00 ","0,00 ","7.398,23 ","0,00 ","0,00 ","0,00 ","0,00 ","0,00 ","0,00 ","0,00 ","0,00 ","7.398,23 ","7.398,23 ","0,00 ","0,00 ","0,00 ","0,00 ","0,00 ","0,00 ","0,00 ","0,00 ","0,00 ","0,00 ","0,00 ","383.818,07 ","383.818,07 ","4.857,78 ","336.287,32 ","7.760,07 ","34.912,90 ","0,00 ","0,00 ","0,00 ","0,00 ","0,00 ","0,00 ","0,00 ","0,00 ","0,00 ","0,00 ","0,00 ","0,00 ","0,00 ","0,00 ","0,00 ","0,00 ","0,00 ","0,00 ","14.933,11 ","0,00 ","0,00 ","14.933,11 ","0,00 ","14.933,11 ","0,00 ","0,00 ","0,00 ","0,00 ","0,00 ","0,00 ","0,00 ","272.958,10 ","14.876,66 ","0,00 ","0,00 ","14.876,66 ","12.860,32 ","4.846,20 ","0,00 ","6.179,26 ","0,00 ","1.834,86 ","114.032,84 ","0,00 ","112.026,82 ","2.006,02 ","131.188,28 ","64.279,04 ","66.909,24 ","3.500,00 ","3.500,00 ","3.500,00 ","0,00 ","0,00 ","0,00 ","0,00 ","0,00 ","0,00 ","0,00 ","0,00 ","0,00 ","18.397,82 ","12.296,39 ","12.296,39 ","0,00 ","947,67 ","947,67 ","0,00 ","0,00 ","0,00 ","0,00 ","0,00 ","1.645,53 ","0,00 ","0,00 ","0,00 ","1.645,53 ","3.508,23 ","3.508,23 ","0,00 ","8.037,60 ","8.037,60 ","8.037,60 ","0,00 ","0,00 ","0,00 ","0,00 ","0,00 ","0,00 ","0,00 ","0,00 ","0,00 ","0,00 ","0,00 ","0,00 ","0,00 ","0,00 ","0,00 ","0,00 ","0,00 ","1.984.858,75 ","0,00 ","0,00 ","0,00 ","0,00 ","1.984.858,75 ","0,00 ","0,00 ","1.984.858,75 ","0,00 ","0,00 ","0,00 ","0,00 ","0,00 ","0,00 ","0,00 ","0,00 ","0,00 ","0,00 ","0,00 ","0,00 ","0,00 ","2.735.616,71 "
188.,131 ,OBČINA TRŽIČ,"0,00 ","0,00 ","0,00 ","0,00 ","0,00 ","0,00 ","0,00 ","0,00 ","0,00 ","0,00 ","0,00 ","0,00 ","0,00 ","0,00 ","0,00 ","0,00 ","0,00 ","0,00 ","0,00 ","213.493,49 ","0,00 ","0,00 ","0,00 ","0,00 ","0,00 ","213.493,49 ","0,00 ","0,00 ","213.493,49 ","0,00 ","0,00 ","0,00 ","47.010,15 ","0,00 ","0,00 ","0,00 ","0,00 ","0,00 ","0,00 ","0,00 ","47.010,15 ","21.084,71 ","25.925,44 ","0,00 ","0,00 ","0,00 ","0,00 ","0,00 ","0,00 ","0,00 ","0,00 ","0,00 ","0,00 ","0,00 ","14.692,80 ","14.692,80 ","0,00 ","14.692,80 ","0,00 ","0,00 ","0,00 ","0,00 ","0,00 ","0,00 ","0,00 ","0,00 ","0,00 ","0,00 ","0,00 ","0,00 ","0,00 ","0,00 ","0,00 ","0,00 ","0,00 ","0,00 ","1.253.975,85 ","1.253.975,85 ","125.844,35 ","1.121.915,96 ","0,00 ","6.215,54 ","0,00 ","0,00 ","0,00 ","0,00 ","0,00 ","0,00 ","0,00 ","0,00 ","0,00 ","0,00 ","465,62 ","0,00 ","0,00 ","0,00 ","0,00 ","465,62 ","0,00 ","465,62 ","3.942.070,30 ","0,00 ","0,00 ","3.942.070,30 ","12.282,50 ","3.929.787,80 ","0,00 ","0,00 ","0,00 ","0,00 ","0,00 ","0,00 ","0,00 ","5.076.104,47 ","107.682,00 ","0,00 ","0,00 ","107.682,00 ","4.903.497,24 ","4.870.261,29 ","0,00 ","33.235,95 ","0,00 ","0,00 ","34.174,79 ","0,00 ","0,00 ","34.174,79 ","30.750,44 ","0,00 ","30.750,44 ","0,00 ","0,00 ","0,00 ","0,00 ","0,00 ","0,00 ","0,00 ","0,00 ","0,00 ","0,00 ","0,00 ","0,00 ","477.710,56 ","0,00 ","0,00 ","0,00 ","353.993,82 ","0,00 ","0,00 ","0,00 ","0,00 ","353.993,82 ","0,00 ","0,00 ","0,00 ","0,00 ","0,00 ","0,00 ","123.716,74 ","123.716,74 ","0,00 ","139.185,58 ","0,00 ","0,00 ","0,00 ","139.185,58 ","139.185,58 ","0,00 ","0,00 ","0,00 ","0,00 ","0,00 ","0,00 ","0,00 ","0,00 ","0,00 ","0,00 ","0,00 ","0,00 ","0,00 ","0,00 ","0,00 ","0,00 ","0,00 ","0,00 ","0,00 ","0,00 ","0,00 ","0,00 ","0,00 ","0,00 ","0,00 ","0,00 ","0,00 ","0,00 ","0,00 ","0,00 ","0,00 ","0,00 ","0,00 ","0,00 ","0,00 ","0,00 ","11.164.708,82 "
189.,132 ,OBČINA TURNIŠČE,"0,00 ","0,00 ","0,00 ","0,00 ","0,00 ","0,00 ","0,00 ","0,00 ","0,00 ","0,00 ","0,00 ","0,00 ","0,00 ","0,00 ","0,00 ","0,00 ","0,00 ","0,00 ","0,00 ","0,00 ","0,00 ","0,00 ","0,00 ","0,00 ","0,00 ","0,00 ","0,00 ","0,00 ","0,00 ","0,00 ","0,00 ","0,00 ","16.241,86 ","0,00 ","0,00 ","0,00 ","0,00 ","0,00 ","0,00 ","0,00 ","16.241,86 ","16.241,86 ","0,00 ","72.457,25 ","72.457,25 ","57,25 ","72.400,00 ","0,00 ","0,00 ","0,00 ","0,00 ","0,00 ","0,00 ","0,00 ","651,00 ","651,00 ","0,00 ","651,00 ","0,00 ","0,00 ","0,00 ","0,00 ","0,00 ","0,00 ","0,00 ","0,00 ","0,00 ","0,00 ","0,00 ","0,00 ","0,00 ","0,00 ","0,00 ","0,00 ","0,00 ","0,00 ","285.538,32 ","285.538,32 ","30.750,00 ","254.788,32 ","0,00 ","0,00 ","0,00 ","0,00 ","0,00 ","0,00 ","0,00 ","0,00 ","0,00 ","0,00 ","0,00 ","0,00 ","0,00 ","0,00 ","0,00 ","0,00 ","0,00 ","0,00 ","0,00 ","0,00 ","126.367,44 ","0,00 ","0,00 ","126.367,44 ","0,00 ","18.548,58 ","107.818,86 ","0,00 ","0,00 ","0,00 ","0,00 ","0,00 ","0,00 ","166.594,42 ","0,00 ","0,00 ","0,00 ","0,00 ","94.519,59 ","4.605,55 ","80.309,32 ","0,00 ","0,00 ","9.604,72 ","13.003,17 ","0,00 ","0,00 ","13.003,17 ","59.071,66 ","43.594,66 ","15.477,00 ","5.682,24 ","5.682,24 ","5.682,24 ","0,00 ","0,00 ","0,00 ","0,00 ","0,00 ","0,00 ","0,00 ","0,00 ","0,00 ","0,00 ","0,00 ","0,00 ","0,00 ","0,00 ","0,00 ","0,00 ","0,00 ","0,00 ","0,00 ","0,00 ","0,00 ","0,00 ","0,00 ","0,00 ","0,00 ","0,00 ","0,00 ","0,00 ","0,00 ","0,00 ","0,00 ","0,00 ","0,00 ","0,00 ","0,00 ","0,00 ","0,00 ","0,00 ","0,00 ","0,00 ","0,00 ","0,00 ","0,00 ","0,00 ","0,00 ","0,00 ","0,00 ","0,00 ","0,00 ","0,00 ","0,00 ","0,00 ","0,00 ","0,00 ","0,00 ","0,00 ","0,00 ","0,00 ","0,00 ","0,00 ","0,00 ","0,00 ","0,00 ","0,00 ","0,00 ","0,00 ","0,00 ","0,00 ","0,00 ","0,00 ","673.532,53 "
190.,133 ,MESTNA OBČINA VELENJE,"7.509,33 ","7.509,33 ","7.509,33 ","0,00 ","0,00 ","0,00 ","0,00 ","0,00 ","0,00 ","0,00 ","0,00 ","0,00 ","0,00 ","0,00 ","0,00 ","0,00 ","0,00 ","0,00 ","0,00 ","389.656,62 ","0,00 ","0,00 ","8.404,63 ","8.404,63 ","0,00 ","381.251,99 ","0,00 ","43.793,24 ","337.458,75 ","0,00 ","0,00 ","0,00 ","197.044,15 ","0,00 ","0,00 ","0,00 ","0,00 ","0,00 ","0,00 ","0,00 ","197.044,15 ","42.086,02 ","154.958,13 ","7.696,43 ","7.696,43 ","7.696,43 ","0,00 ","0,00 ","0,00 ","0,00 ","0,00 ","0,00 ","0,00 ","0,00 ","125.274,44 ","125.274,44 ","0,00 ","125.274,44 ","0,00 ","0,00 ","0,00 ","0,00 ","0,00 ","0,00 ","0,00 ","0,00 ","0,00 ","18.429,23 ","5.670,53 ","5.670,53 ","0,00 ","0,00 ","0,00 ","0,00 ","12.758,70 ","12.758,70 ","2.582.791,51 ","2.582.791,51 ","0,00 ","1.384.229,14 ","290.844,33 ","126.538,85 ","0,00 ","781.179,19 ","0,00 ","0,00 ","0,00 ","0,00 ","0,00 ","0,00 ","0,00 ","0,00 ","346.028,37 ","0,00 ","0,00 ","331.467,23 ","331.467,23 ","14.561,14 ","14.136,40 ","424,74 ","796.325,84 ","0,00 ","0,00 ","728.507,83 ","0,00 ","728.507,83 ","0,00 ","25.201,93 ","25.201,93 ","0,00 ","0,00 ","42.616,08 ","42.616,08 ","3.745.213,56 ","84.207,97 ","4.221,89 ","6.711,74 ","73.274,34 ","103.810,57 ","3.362,95 ","15.236,33 ","85.211,29 ","0,00 ","0,00 ","1.334.667,55 ","0,00 ","1.334.667,55 ","0,00 ","2.222.527,47 ","51.798,99 ","2.170.728,48 ","0,00 ","0,00 ","0,00 ","0,00 ","0,00 ","0,00 ","0,00 ","0,00 ","0,00 ","0,00 ","0,00 ","0,00 ","397.004,25 ","324.014,36 ","324.014,36 ","0,00 ","13.846,32 ","0,00 ","0,00 ","0,00 ","0,00 ","13.846,32 ","0,00 ","0,00 ","0,00 ","0,00 ","0,00 ","0,00 ","59.143,57 ","46.852,85 ","12.290,72 ","237.340,26 ","35.640,34 ","35.640,34 ","0,00 ","174.394,95 ","174.394,95 ","0,00 ","0,00 ","0,00 ","27.304,97 ","0,00 ","27.304,97 ","0,00 ","0,00 ","0,00 ","0,00 ","0,00 ","0,00 ","0,00 ","0,00 ","672,75 ","0,00 ","0,00 ","0,00 ","0,00 ","672,75 ","0,00 ","0,00 ","672,75 ","0,00 ","0,00 ","0,00 ","0,00 ","0,00 ","0,00 ","0,00 ","64.028,80 ","64.028,80 ","0,00 ","64.028,80 ","0,00 ","0,00 ","8.915.015,54 "
191.,187 ,OBČINA VELIKA POLANA,"0,00 ","0,00 ","0,00 ","0,00 ","0,00 ","0,00 ","0,00 ","0,00 ","0,00 ","0,00 ","0,00 ","0,00 ","0,00 ","0,00 ","0,00 ","0,00 ","0,00 ","0,00 ","0,00 ","0,00 ","0,00 ","0,00 ","0,00 ","0,00 ","0,00 ","0,00 ","0,00 ","0,00 ","0,00 ","0,00 ","0,00 ","0,00 ","16.538,96 ","0,00 ","0,00 ","0,00 ","0,00 ","0,00 ","0,00 ","0,00 ","16.538,96 ","0,00 ","16.538,96 ","2.880,00 ","2.880,00 ","0,00 ","2.880,00 ","0,00 ","0,00 ","0,00 ","0,00 ","0,00 ","0,00 ","0,00 ","846,28 ","846,28 ","0,00 ","846,28 ","0,00 ","0,00 ","0,00 ","0,00 ","0,00 ","0,00 ","0,00 ","0,00 ","0,00 ","0,00 ","0,00 ","0,00 ","0,00 ","0,00 ","0,00 ","0,00 ","0,00 ","0,00 ","296.369,29 ","296.369,29 ","0,00 ","0,00 ","0,00 ","9.274,10 ","0,00 ","287.095,19 ","0,00 ","0,00 ","0,00 ","0,00 ","0,00 ","0,00 ","0,00 ","0,00 ","8.047,02 ","0,00 ","0,00 ","3.792,00 ","3.792,00 ","4.255,02 ","0,00 ","4.255,02 ","1.114.164,65 ","0,00 ","0,00 ","1.114.164,65 ","0,00 ","1.114.164,65 ","0,00 ","0,00 ","0,00 ","0,00 ","0,00 ","0,00 ","0,00 ","1.481,71 ","0,00 ","0,00 ","0,00 ","0,00 ","1.481,71 ","1.481,71 ","0,00 ","0,00 ","0,00 ","0,00 ","0,00 ","0,00 ","0,00 ","0,00 ","0,00 ","0,00 ","0,00 ","0,00 ","0,00 ","0,00 ","0,00 ","0,00 ","0,00 ","0,00 ","0,00 ","0,00 ","0,00 ","0,00 ","0,00 ","174.278,62 ","0,00 ","0,00 ","0,00 ","174.278,62 ","0,00 ","0,00 ","0,00 ","0,00 ","174.278,62 ","0,00 ","0,00 ","0,00 ","0,00 ","0,00 ","0,00 ","0,00 ","0,00 ","0,00 ","11.046,16 ","11.046,16 ","11.046,16 ","0,00 ","0,00 ","0,00 ","0,00 ","0,00 ","0,00 ","0,00 ","0,00 ","0,00 ","0,00 ","0,00 ","0,00 ","0,00 ","0,00 ","0,00 ","0,00 ","0,00 ","0,00 ","0,00 ","0,00 ","0,00 ","0,00 ","0,00 ","0,00 ","0,00 ","0,00 ","0,00 ","0,00 ","0,00 ","0,00 ","0,00 ","0,00 ","0,00 ","0,00 ","0,00 ","0,00 ","0,00 ","0,00 ","0,00 ","1.625.652,69 "
192.,134 ,OBČINA VELIKE LAŠČE,"0,00 ","0,00 ","0,00 ","0,00 ","0,00 ","0,00 ","0,00 ","0,00 ","0,00 ","0,00 ","0,00 ","0,00 ","0,00 ","0,00 ","0,00 ","0,00 ","0,00 ","0,00 ","0,00 ","103.075,63 ","0,00 ","0,00 ","0,00 ","0,00 ","0,00 ","103.075,63 ","0,00 ","0,00 ","103.075,63 ","0,00 ","0,00 ","0,00 ","0,00 ","0,00 ","0,00 ","0,00 ","0,00 ","0,00 ","0,00 ","0,00 ","0,00 ","0,00 ","0,00 ","0,00 ","0,00 ","0,00 ","0,00 ","0,00 ","0,00 ","0,00 ","0,00 ","0,00 ","0,00 ","0,00 ","0,00 ","0,00 ","0,00 ","0,00 ","0,00 ","0,00 ","0,00 ","0,00 ","0,00 ","0,00 ","0,00 ","0,00 ","0,00 ","0,00 ","0,00 ","0,00 ","0,00 ","0,00 ","0,00 ","0,00 ","0,00 ","0,00 ","288.053,34 ","288.053,34 ","0,00 ","249.970,23 ","29.168,58 ","8.914,53 ","0,00 ","0,00 ","0,00 ","0,00 ","0,00 ","0,00 ","0,00 ","0,00 ","0,00 ","0,00 ","472.431,27 ","0,00 ","0,00 ","472.431,27 ","472.431,27 ","0,00 ","0,00 ","0,00 ","0,00 ","0,00 ","0,00 ","0,00 ","0,00 ","0,00 ","0,00 ","0,00 ","0,00 ","0,00 ","0,00 ","0,00 ","0,00 ","219.295,57 ","0,00 ","0,00 ","0,00 ","0,00 ","219.295,57 ","175.972,04 ","14.456,95 ","28.866,58 ","0,00 ","0,00 ","0,00 ","0,00 ","0,00 ","0,00 ","0,00 ","0,00 ","0,00 ","0,00 ","0,00 ","0,00 ","0,00 ","0,00 ","0,00 ","0,00 ","0,00 ","0,00 ","0,00 ","0,00 ","0,00 ","115.828,43 ","0,00 ","0,00 ","0,00 ","109.754,26 ","0,00 ","0,00 ","0,00 ","0,00 ","109.754,26 ","0,00 ","0,00 ","0,00 ","0,00 ","0,00 ","0,00 ","6.074,17 ","6.074,17 ","0,00 ","0,00 ","0,00 ","0,00 ","0,00 ","0,00 ","0,00 ","0,00 ","0,00 ","0,00 ","0,00 ","0,00 ","0,00 ","0,00 ","0,00 ","0,00 ","0,00 ","0,00 ","0,00 ","0,00 ","0,00 ","0,00 ","0,00 ","0,00 ","0,00 ","0,00 ","0,00 ","0,00 ","0,00 ","0,00 ","0,00 ","0,00 ","0,00 ","0,00 ","0,00 ","0,00 ","0,00 ","0,00 ","0,00 ","0,00 ","0,00 ","0,00 ","0,00 ","1.198.684,24 "
193.,188 ,OBČINA VERŽEJ,"0,00 ","0,00 ","0,00 ","0,00 ","0,00 ","0,00 ","0,00 ","0,00 ","0,00 ","0,00 ","0,00 ","0,00 ","0,00 ","0,00 ","0,00 ","0,00 ","0,00 ","0,00 ","0,00 ","0,00 ","0,00 ","0,00 ","0,00 ","0,00 ","0,00 ","0,00 ","0,00 ","0,00 ","0,00 ","0,00 ","0,00 ","0,00 ","15.778,00 ","0,00 ","0,00 ","0,00 ","0,00 ","0,00 ","0,00 ","0,00 ","15.778,00 ","12.713,00 ","3.065,00 ","0,00 ","0,00 ","0,00 ","0,00 ","0,00 ","0,00 ","0,00 ","0,00 ","0,00 ","0,00 ","0,00 ","0,00 ","0,00 ","0,00 ","0,00 ","0,00 ","0,00 ","0,00 ","0,00 ","0,00 ","0,00 ","0,00 ","0,00 ","0,00 ","0,00 ","0,00 ","0,00 ","0,00 ","0,00 ","0,00 ","0,00 ","0,00 ","0,00 ","330.163,00 ","330.163,00 ","730,00 ","281.435,00 ","0,00 ","47.998,00 ","0,00 ","0,00 ","0,00 ","0,00 ","0,00 ","0,00 ","0,00 ","0,00 ","0,00 ","0,00 ","1.797,00 ","0,00 ","0,00 ","0,00 ","0,00 ","1.797,00 ","0,00 ","1.797,00 ","52.848,00 ","0,00 ","0,00 ","50.452,00 ","0,00 ","50.452,00 ","0,00 ","0,00 ","0,00 ","0,00 ","0,00 ","2.396,00 ","2.396,00 ","25.777,00 ","8.338,00 ","0,00 ","0,00 ","8.338,00 ","13.869,00 ","13.869,00 ","0,00 ","0,00 ","0,00 ","0,00 ","0,00 ","0,00 ","0,00 ","0,00 ","3.570,00 ","0,00 ","3.570,00 ","0,00 ","0,00 ","0,00 ","0,00 ","0,00 ","0,00 ","0,00 ","0,00 ","0,00 ","0,00 ","0,00 ","0,00 ","0,00 ","0,00 ","0,00 ","0,00 ","0,00 ","0,00 ","0,00 ","0,00 ","0,00 ","0,00 ","0,00 ","0,00 ","0,00 ","0,00 ","0,00 ","0,00 ","0,00 ","0,00 ","0,00 ","0,00 ","0,00 ","0,00 ","0,00 ","0,00 ","0,00 ","0,00 ","0,00 ","0,00 ","0,00 ","0,00 ","0,00 ","0,00 ","0,00 ","0,00 ","0,00 ","0,00 ","0,00 ","0,00 ","0,00 ","0,00 ","0,00 ","0,00 ","0,00 ","0,00 ","0,00 ","0,00 ","0,00 ","0,00 ","0,00 ","0,00 ","0,00 ","0,00 ","0,00 ","0,00 ","0,00 ","0,00 ","0,00 ","0,00 ","0,00 ","0,00 ","0,00 ","426.363,00 "
194.,135 ,OBČINA VIDEM,"0,00 ","0,00 ","0,00 ","0,00 ","0,00 ","0,00 ","0,00 ","0,00 ","0,00 ","0,00 ","0,00 ","0,00 ","0,00 ","0,00 ","0,00 ","0,00 ","0,00 ","0,00 ","0,00 ","0,00 ","0,00 ","0,00 ","0,00 ","0,00 ","0,00 ","0,00 ","0,00 ","0,00 ","0,00 ","0,00 ","0,00 ","0,00 ","111.272,00 ","0,00 ","0,00 ","0,00 ","0,00 ","0,00 ","0,00 ","0,00 ","111.272,00 ","0,00 ","111.272,00 ","0,00 ","0,00 ","0,00 ","0,00 ","0,00 ","0,00 ","0,00 ","0,00 ","0,00 ","0,00 ","0,00 ","129.520,00 ","129.520,00 ","0,00 ","5.253,00 ","124.267,00 ","0,00 ","0,00 ","0,00 ","0,00 ","0,00 ","0,00 ","0,00 ","0,00 ","0,00 ","0,00 ","0,00 ","0,00 ","0,00 ","0,00 ","0,00 ","0,00 ","0,00 ","1.226.258,00 ","1.226.258,00 ","0,00 ","1.200.520,00 ","0,00 ","25.738,00 ","0,00 ","0,00 ","0,00 ","0,00 ","0,00 ","0,00 ","0,00 ","0,00 ","0,00 ","0,00 ","0,00 ","0,00 ","0,00 ","0,00 ","0,00 ","0,00 ","0,00 ","0,00 ","252.226,00 ","0,00 ","0,00 ","243.226,00 ","793,00 ","242.433,00 ","0,00 ","0,00 ","0,00 ","0,00 ","0,00 ","9.000,00 ","9.000,00 ","1.137.831,00 ","4.020,00 ","0,00 ","0,00 ","4.020,00 ","1.124.884,00 ","1.098.514,00 ","26.370,00 ","0,00 ","0,00 ","0,00 ","0,00 ","0,00 ","0,00 ","0,00 ","8.927,00 ","0,00 ","8.927,00 ","0,00 ","0,00 ","0,00 ","0,00 ","0,00 ","0,00 ","0,00 ","0,00 ","0,00 ","0,00 ","0,00 ","0,00 ","198.845,00 ","14.662,00 ","14.662,00 ","0,00 ","3.000,00 ","0,00 ","0,00 ","0,00 ","0,00 ","3.000,00 ","0,00 ","0,00 ","0,00 ","0,00 ","0,00 ","0,00 ","181.183,00 ","181.183,00 ","0,00 ","437.365,00 ","0,00 ","0,00 ","0,00 ","437.365,00 ","437.365,00 ","0,00 ","0,00 ","0,00 ","0,00 ","0,00 ","0,00 ","0,00 ","0,00 ","0,00 ","0,00 ","0,00 ","0,00 ","0,00 ","0,00 ","0,00 ","0,00 ","0,00 ","0,00 ","0,00 ","0,00 ","0,00 ","0,00 ","0,00 ","0,00 ","0,00 ","0,00 ","0,00 ","0,00 ","0,00 ","0,00 ","0,00 ","0,00 ","0,00 ","0,00 ","0,00 ","0,00 ","3.493.317,00 "
195.,136 ,OBČINA VIPAVA,"0,00 ","0,00 ","0,00 ","0,00 ","0,00 ","0,00 ","0,00 ","0,00 ","0,00 ","0,00 ","0,00 ","0,00 ","0,00 ","0,00 ","0,00 ","0,00 ","0,00 ","0,00 ","0,00 ","0,00 ","0,00 ","0,00 ","0,00 ","0,00 ","0,00 ","0,00 ","0,00 ","0,00 ","0,00 ","0,00 ","0,00 ","0,00 ","104.100,42 ","0,00 ","0,00 ","0,00 ","0,00 ","50.940,01 ","50.940,01 ","0,00 ","53.160,41 ","0,00 ","53.160,41 ","10.468,54 ","10.468,54 ","10.468,54 ","0,00 ","0,00 ","0,00 ","0,00 ","0,00 ","0,00 ","0,00 ","0,00 ","0,00 ","0,00 ","0,00 ","0,00 ","0,00 ","0,00 ","0,00 ","0,00 ","0,00 ","0,00 ","0,00 ","0,00 ","0,00 ","0,00 ","0,00 ","0,00 ","0,00 ","0,00 ","0,00 ","0,00 ","0,00 ","0,00 ","95.000,59 ","95.000,59 ","0,00 ","67.634,17 ","0,00 ","27.366,42 ","0,00 ","0,00 ","0,00 ","0,00 ","0,00 ","0,00 ","0,00 ","0,00 ","0,00 ","0,00 ","893.478,02 ","0,00 ","0,00 ","363.443,84 ","363.443,84 ","530.034,18 ","0,00 ","530.034,18 ","523.581,43 ","0,00 ","0,00 ","523.581,43 ","0,00 ","523.581,43 ","0,00 ","0,00 ","0,00 ","0,00 ","0,00 ","0,00 ","0,00 ","211.428,72 ","2.820,00 ","0,00 ","0,00 ","2.820,00 ","151.019,12 ","79.690,50 ","952,18 ","9.918,93 ","0,00 ","60.457,51 ","0,00 ","0,00 ","0,00 ","0,00 ","57.589,60 ","45.316,62 ","12.272,98 ","0,00 ","0,00 ","0,00 ","0,00 ","0,00 ","0,00 ","0,00 ","0,00 ","0,00 ","0,00 ","0,00 ","0,00 ","40.156,01 ","32.700,00 ","32.700,00 ","0,00 ","0,00 ","0,00 ","0,00 ","0,00 ","0,00 ","0,00 ","0,00 ","0,00 ","0,00 ","0,00 ","0,00 ","0,00 ","7.456,01 ","7.456,01 ","0,00 ","0,00 ","0,00 ","0,00 ","0,00 ","0,00 ","0,00 ","0,00 ","0,00 ","0,00 ","0,00 ","0,00 ","0,00 ","0,00 ","0,00 ","0,00 ","0,00 ","0,00 ","0,00 ","0,00 ","0,00 ","0,00 ","0,00 ","0,00 ","0,00 ","0,00 ","0,00 ","0,00 ","0,00 ","0,00 ","0,00 ","0,00 ","0,00 ","0,00 ","0,00 ","0,00 ","0,00 ","0,00 ","0,00 ","0,00 ","0,00 ","0,00 ","0,00 ","1.878.213,73 "
196.,137 ,OBČINA VITANJE,"0,00 ","0,00 ","0,00 ","0,00 ","0,00 ","0,00 ","0,00 ","0,00 ","0,00 ","0,00 ","0,00 ","0,00 ","0,00 ","0,00 ","0,00 ","0,00 ","0,00 ","0,00 ","0,00 ","0,00 ","0,00 ","0,00 ","0,00 ","0,00 ","0,00 ","0,00 ","0,00 ","0,00 ","0,00 ","0,00 ","0,00 ","0,00 ","1.821,28 ","0,00 ","0,00 ","0,00 ","0,00 ","0,00 ","0,00 ","0,00 ","1.821,28 ","0,00 ","1.821,28 ","0,00 ","0,00 ","0,00 ","0,00 ","0,00 ","0,00 ","0,00 ","0,00 ","0,00 ","0,00 ","0,00 ","0,00 ","0,00 ","0,00 ","0,00 ","0,00 ","0,00 ","0,00 ","0,00 ","0,00 ","0,00 ","0,00 ","0,00 ","0,00 ","7.320,00 ","7.320,00 ","7.320,00 ","0,00 ","0,00 ","0,00 ","0,00 ","0,00 ","0,00 ","1.296.540,00 ","320.755,62 ","0,00 ","320.755,62 ","0,00 ","0,00 ","0,00 ","0,00 ","0,00 ","0,00 ","0,00 ","0,00 ","0,00 ","0,00 ","975.784,38 ","975.784,38 ","3.888,00 ","0,00 ","0,00 ","3.888,00 ","3.888,00 ","0,00 ","0,00 ","0,00 ","155.301,04 ","0,00 ","0,00 ","155.301,04 ","921,60 ","154.379,44 ","0,00 ","0,00 ","0,00 ","0,00 ","0,00 ","0,00 ","0,00 ","154.658,27 ","94.151,15 ","1.800,00 ","0,00 ","92.351,15 ","0,00 ","0,00 ","0,00 ","0,00 ","0,00 ","0,00 ","60.507,12 ","0,00 ","60.507,12 ","0,00 ","0,00 ","0,00 ","0,00 ","35.504,09 ","0,00 ","0,00 ","0,00 ","0,00 ","0,00 ","0,00 ","35.504,09 ","35.504,09 ","0,00 ","0,00 ","0,00 ","0,00 ","0,00 ","0,00 ","0,00 ","0,00 ","0,00 ","0,00 ","0,00 ","0,00 ","0,00 ","0,00 ","0,00 ","0,00 ","0,00 ","0,00 ","0,00 ","0,00 ","0,00 ","0,00 ","0,00 ","0,00 ","0,00 ","0,00 ","0,00 ","0,00 ","0,00 ","0,00 ","0,00 ","0,00 ","0,00 ","0,00 ","0,00 ","0,00 ","0,00 ","0,00 ","0,00 ","0,00 ","0,00 ","0,00 ","0,00 ","0,00 ","0,00 ","0,00 ","0,00 ","0,00 ","0,00 ","0,00 ","0,00 ","0,00 ","0,00 ","0,00 ","0,00 ","0,00 ","0,00 ","0,00 ","0,00 ","0,00 ","0,00 ","0,00 ","0,00 ","0,00 ","1.655.032,68 "
197.,138 ,OBČINA VODICE,"0,00 ","0,00 ","0,00 ","0,00 ","0,00 ","0,00 ","0,00 ","0,00 ","0,00 ","0,00 ","0,00 ","0,00 ","0,00 ","0,00 ","0,00 ","0,00 ","0,00 ","0,00 ","0,00 ","0,00 ","0,00 ","0,00 ","0,00 ","0,00 ","0,00 ","0,00 ","0,00 ","0,00 ","0,00 ","0,00 ","0,00 ","0,00 ","19.745,26 ","0,00 ","0,00 ","0,00 ","0,00 ","0,00 ","0,00 ","0,00 ","19.745,26 ","2.066,14 ","17.679,12 ","0,00 ","0,00 ","0,00 ","0,00 ","0,00 ","0,00 ","0,00 ","0,00 ","0,00 ","0,00 ","0,00 ","0,00 ","0,00 ","0,00 ","0,00 ","0,00 ","0,00 ","0,00 ","0,00 ","0,00 ","0,00 ","0,00 ","0,00 ","0,00 ","0,00 ","0,00 ","0,00 ","0,00 ","0,00 ","0,00 ","0,00 ","0,00 ","0,00 ","597.356,90 ","597.356,90 ","0,00 ","593.749,89 ","0,00 ","3.607,01 ","0,00 ","0,00 ","0,00 ","0,00 ","0,00 ","0,00 ","0,00 ","0,00 ","0,00 ","0,00 ","0,00 ","0,00 ","0,00 ","0,00 ","0,00 ","0,00 ","0,00 ","0,00 ","424.769,17 ","0,00 ","0,00 ","424.769,17 ","4.228,48 ","420.540,69 ","0,00 ","0,00 ","0,00 ","0,00 ","0,00 ","0,00 ","0,00 ","58.210,24 ","2.400,00 ","0,00 ","0,00 ","2.400,00 ","21.154,07 ","20.642,87 ","0,00 ","0,00 ","511,20 ","0,00 ","0,00 ","0,00 ","0,00 ","0,00 ","34.656,17 ","0,00 ","34.656,17 ","0,00 ","0,00 ","0,00 ","0,00 ","0,00 ","0,00 ","0,00 ","0,00 ","0,00 ","0,00 ","0,00 ","0,00 ","5.431,20 ","0,00 ","0,00 ","0,00 ","5.431,20 ","0,00 ","0,00 ","0,00 ","0,00 ","5.431,20 ","0,00 ","0,00 ","0,00 ","0,00 ","0,00 ","0,00 ","0,00 ","0,00 ","0,00 ","6.000,00 ","6.000,00 ","6.000,00 ","0,00 ","0,00 ","0,00 ","0,00 ","0,00 ","0,00 ","0,00 ","0,00 ","0,00 ","0,00 ","0,00 ","0,00 ","0,00 ","0,00 ","0,00 ","0,00 ","0,00 ","0,00 ","0,00 ","0,00 ","0,00 ","0,00 ","0,00 ","0,00 ","0,00 ","0,00 ","0,00 ","0,00 ","0,00 ","0,00 ","0,00 ","0,00 ","0,00 ","0,00 ","0,00 ","0,00 ","0,00 ","0,00 ","0,00 ","1.111.512,77 "
198.,139 ,OBČINA VOJNIK,"0,00 ","0,00 ","0,00 ","0,00 ","0,00 ","0,00 ","0,00 ","0,00 ","0,00 ","0,00 ","0,00 ","0,00 ","0,00 ","0,00 ","0,00 ","0,00 ","0,00 ","0,00 ","0,00 ","558,55 ","0,00 ","0,00 ","0,00 ","0,00 ","0,00 ","558,55 ","558,55 ","0,00 ","0,00 ","0,00 ","0,00 ","0,00 ","12.252,00 ","0,00 ","0,00 ","0,00 ","0,00 ","0,00 ","0,00 ","0,00 ","12.252,00 ","2.750,79 ","9.501,21 ","0,00 ","0,00 ","0,00 ","0,00 ","0,00 ","0,00 ","0,00 ","0,00 ","0,00 ","0,00 ","0,00 ","0,00 ","0,00 ","0,00 ","0,00 ","0,00 ","0,00 ","0,00 ","0,00 ","0,00 ","0,00 ","0,00 ","0,00 ","0,00 ","0,00 ","0,00 ","0,00 ","0,00 ","0,00 ","0,00 ","0,00 ","0,00 ","0,00 ","612.339,56 ","612.339,56 ","9.074,40 ","520.550,16 ","22.715,00 ","60.000,00 ","0,00 ","0,00 ","0,00 ","0,00 ","0,00 ","0,00 ","0,00 ","0,00 ","0,00 ","0,00 ","124.546,82 ","0,00 ","0,00 ","124.546,82 ","124.546,82 ","0,00 ","0,00 ","0,00 ","452.811,81 ","0,00 ","0,00 ","452.811,81 ","39.070,00 ","413.741,81 ","0,00 ","0,00 ","0,00 ","0,00 ","0,00 ","0,00 ","0,00 ","538.358,29 ","45.526,48 ","0,00 ","0,00 ","45.526,48 ","463.129,81 ","427.282,95 ","35.846,86 ","0,00 ","0,00 ","0,00 ","4.620,00 ","0,00 ","4.620,00 ","0,00 ","25.082,00 ","8.712,00 ","16.370,00 ","0,00 ","0,00 ","0,00 ","0,00 ","0,00 ","0,00 ","0,00 ","0,00 ","0,00 ","0,00 ","0,00 ","0,00 ","8.131,32 ","4.570,32 ","4.570,32 ","0,00 ","3.561,00 ","1.446,00 ","0,00 ","0,00 ","0,00 ","2.115,00 ","0,00 ","0,00 ","0,00 ","0,00 ","0,00 ","0,00 ","0,00 ","0,00 ","0,00 ","540.128,62 ","20.000,00 ","20.000,00 ","0,00 ","520.128,62 ","515.061,07 ","5.067,55 ","0,00 ","0,00 ","0,00 ","0,00 ","0,00 ","0,00 ","0,00 ","0,00 ","0,00 ","0,00 ","0,00 ","0,00 ","0,00 ","0,00 ","0,00 ","0,00 ","0,00 ","0,00 ","0,00 ","0,00 ","0,00 ","0,00 ","0,00 ","0,00 ","0,00 ","189,48 ","189,48 ","189,48 ","0,00 ","0,00 ","0,00 ","0,00 ","0,00 ","0,00 ","0,00 ","2.289.316,45 "
199.,189 ,OBČINA VRANSKO,"0,00 ","0,00 ","0,00 ","0,00 ","0,00 ","0,00 ","0,00 ","0,00 ","0,00 ","0,00 ","0,00 ","0,00 ","0,00 ","0,00 ","0,00 ","0,00 ","0,00 ","0,00 ","0,00 ","0,00 ","0,00 ","0,00 ","0,00 ","0,00 ","0,00 ","0,00 ","0,00 ","0,00 ","0,00 ","0,00 ","0,00 ","0,00 ","6.145,66 ","0,00 ","0,00 ","0,00 ","0,00 ","4.744,77 ","4.744,77 ","0,00 ","1.400,89 ","0,00 ","1.400,89 ","5.722,25 ","5.722,25 ","5.722,25 ","0,00 ","0,00 ","0,00 ","0,00 ","0,00 ","0,00 ","0,00 ","0,00 ","0,00 ","0,00 ","0,00 ","0,00 ","0,00 ","0,00 ","0,00 ","0,00 ","0,00 ","0,00 ","0,00 ","0,00 ","0,00 ","0,00 ","0,00 ","0,00 ","0,00 ","0,00 ","0,00 ","0,00 ","0,00 ","0,00 ","441.731,58 ","441.731,58 ","0,00 ","404.823,64 ","0,00 ","36.907,94 ","0,00 ","0,00 ","0,00 ","0,00 ","0,00 ","0,00 ","0,00 ","0,00 ","0,00 ","0,00 ","0,00 ","0,00 ","0,00 ","0,00 ","0,00 ","0,00 ","0,00 ","0,00 ","179.765,20 ","0,00 ","0,00 ","179.765,20 ","0,00 ","179.765,20 ","0,00 ","0,00 ","0,00 ","0,00 ","0,00 ","0,00 ","0,00 ","87.027,10 ","26.476,03 ","0,00 ","0,00 ","26.476,03 ","50.802,45 ","37.851,23 ","4.232,11 ","0,00 ","0,00 ","8.719,11 ","0,00 ","0,00 ","0,00 ","0,00 ","9.748,62 ","0,00 ","9.748,62 ","0,00 ","0,00 ","0,00 ","0,00 ","0,00 ","0,00 ","0,00 ","0,00 ","0,00 ","0,00 ","0,00 ","0,00 ","33.490,05 ","11.454,38 ","11.454,38 ","0,00 ","22.035,67 ","0,00 ","0,00 ","0,00 ","0,00 ","22.035,67 ","0,00 ","0,00 ","0,00 ","0,00 ","0,00 ","0,00 ","0,00 ","0,00 ","0,00 ","217.242,19 ","11.112,00 ","11.112,00 ","0,00 ","206.130,19 ","206.130,19 ","0,00 ","0,00 ","0,00 ","0,00 ","0,00 ","0,00 ","0,00 ","0,00 ","0,00 ","0,00 ","0,00 ","0,00 ","0,00 ","0,00 ","0,00 ","0,00 ","0,00 ","0,00 ","0,00 ","0,00 ","0,00 ","0,00 ","0,00 ","0,00 ","0,00 ","0,00 ","0,00 ","0,00 ","0,00 ","0,00 ","0,00 ","0,00 ","0,00 ","0,00 ","0,00 ","0,00 ","971.124,03 "
200.,140 ,OBČINA VRHNIKA,"0,00 ","0,00 ","0,00 ","0,00 ","0,00 ","0,00 ","0,00 ","0,00 ","0,00 ","0,00 ","0,00 ","0,00 ","0,00 ","0,00 ","0,00 ","0,00 ","0,00 ","0,00 ","0,00 ","26.984,93 ","0,00 ","0,00 ","0,00 ","0,00 ","0,00 ","26.984,93 ","0,00 ","0,00 ","26.984,93 ","0,00 ","0,00 ","0,00 ","88.044,94 ","0,00 ","0,00 ","0,00 ","0,00 ","3.769,18 ","3.769,18 ","0,00 ","84.275,76 ","0,00 ","84.275,76 ","228.174,73 ","228.174,73 ","43.174,73 ","185.000,00 ","0,00 ","0,00 ","0,00 ","0,00 ","0,00 ","0,00 ","0,00 ","17.619,47 ","0,00 ","0,00 ","0,00 ","0,00 ","0,00 ","0,00 ","0,00 ","0,00 ","17.619,47 ","17.619,47 ","0,00 ","0,00 ","81.943,71 ","0,00 ","0,00 ","81.943,71 ","81.943,71 ","0,00 ","0,00 ","0,00 ","0,00 ","1.099.095,69 ","1.099.095,69 ","3.855,60 ","1.087.338,67 ","7.763,98 ","137,44 ","0,00 ","0,00 ","0,00 ","0,00 ","0,00 ","0,00 ","0,00 ","0,00 ","0,00 ","0,00 ","0,00 ","0,00 ","0,00 ","0,00 ","0,00 ","0,00 ","0,00 ","0,00 ","159.061,52 ","0,00 ","0,00 ","147.419,43 ","2.552,66 ","144.866,77 ","0,00 ","0,00 ","0,00 ","11.642,09 ","11.642,09 ","0,00 ","0,00 ","1.430.381,42 ","101.736,00 ","0,00 ","0,00 ","101.736,00 ","554.338,49 ","400.902,49 ","127.867,76 ","25.568,24 ","0,00 ","0,00 ","229.240,00 ","0,00 ","229.240,00 ","0,00 ","545.066,93 ","545.066,93 ","0,00 ","0,00 ","0,00 ","0,00 ","0,00 ","0,00 ","0,00 ","0,00 ","0,00 ","0,00 ","0,00 ","0,00 ","0,00 ","306.231,86 ","24.255,65 ","24.255,65 ","0,00 ","38.898,05 ","0,00 ","30.050,80 ","0,00 ","0,00 ","8.847,25 ","0,00 ","0,00 ","0,00 ","0,00 ","0,00 ","0,00 ","243.078,16 ","243.078,16 ","0,00 ","2.078.515,73 ","1.797.419,75 ","1.797.419,75 ","0,00 ","281.095,98 ","281.095,98 ","0,00 ","0,00 ","0,00 ","0,00 ","0,00 ","0,00 ","0,00 ","0,00 ","0,00 ","0,00 ","0,00 ","0,00 ","0,00 ","0,00 ","0,00 ","0,00 ","0,00 ","0,00 ","0,00 ","0,00 ","0,00 ","0,00 ","0,00 ","0,00 ","0,00 ","0,00 ","0,00 ","0,00 ","0,00 ","0,00 ","0,00 ","0,00 ","0,00 ","0,00 ","0,00 ","0,00 ","5.516.054,00 "
201.,141 ,OBČINA VUZENICA,"0,00 ","0,00 ","0,00 ","0,00 ","0,00 ","0,00 ","0,00 ","0,00 ","0,00 ","0,00 ","0,00 ","0,00 ","0,00 ","0,00 ","0,00 ","0,00 ","0,00 ","0,00 ","0,00 ","0,00 ","0,00 ","0,00 ","0,00 ","0,00 ","0,00 ","0,00 ","0,00 ","0,00 ","0,00 ","0,00 ","0,00 ","0,00 ","5.775,85 ","0,00 ","0,00 ","0,00 ","0,00 ","0,00 ","0,00 ","0,00 ","5.775,85 ","0,00 ","5.775,85 ","0,00 ","0,00 ","0,00 ","0,00 ","0,00 ","0,00 ","0,00 ","0,00 ","0,00 ","0,00 ","0,00 ","0,00 ","0,00 ","0,00 ","0,00 ","0,00 ","0,00 ","0,00 ","0,00 ","0,00 ","0,00 ","0,00 ","0,00 ","0,00 ","0,00 ","0,00 ","0,00 ","0,00 ","0,00 ","0,00 ","0,00 ","0,00 ","0,00 ","438.255,35 ","438.255,35 ","0,00 ","417.638,13 ","0,00 ","20.617,22 ","0,00 ","0,00 ","0,00 ","0,00 ","0,00 ","0,00 ","0,00 ","0,00 ","0,00 ","0,00 ","39.162,24 ","0,00 ","0,00 ","0,00 ","0,00 ","39.162,24 ","0,00 ","39.162,24 ","279.013,20 ","0,00 ","0,00 ","279.013,20 ","174.305,31 ","104.707,89 ","0,00 ","0,00 ","0,00 ","0,00 ","0,00 ","0,00 ","0,00 ","29.992,24 ","596,00 ","0,00 ","0,00 ","596,00 ","0,00 ","0,00 ","0,00 ","0,00 ","0,00 ","0,00 ","29.396,24 ","0,00 ","29.396,24 ","0,00 ","0,00 ","0,00 ","0,00 ","0,00 ","0,00 ","0,00 ","0,00 ","0,00 ","0,00 ","0,00 ","0,00 ","0,00 ","0,00 ","0,00 ","0,00 ","6.764,72 ","0,00 ","0,00 ","0,00 ","6.764,72 ","0,00 ","0,00 ","0,00 ","0,00 ","6.764,72 ","0,00 ","0,00 ","0,00 ","0,00 ","0,00 ","0,00 ","0,00 ","0,00 ","0,00 ","77.919,26 ","0,00 ","0,00 ","0,00 ","77.919,26 ","77.919,26 ","0,00 ","0,00 ","0,00 ","0,00 ","0,00 ","0,00 ","0,00 ","0,00 ","0,00 ","0,00 ","0,00 ","0,00 ","0,00 ","0,00 ","0,00 ","0,00 ","0,00 ","0,00 ","0,00 ","0,00 ","0,00 ","0,00 ","0,00 ","0,00 ","0,00 ","0,00 ","0,00 ","0,00 ","0,00 ","0,00 ","0,00 ","0,00 ","0,00 ","0,00 ","0,00 ","0,00 ","876.882,86 "
202.,142 ,OBČINA ZAGORJE OB SAVI,"0,00 ","0,00 ","0,00 ","0,00 ","0,00 ","0,00 ","0,00 ","0,00 ","0,00 ","0,00 ","0,00 ","0,00 ","0,00 ","0,00 ","0,00 ","0,00 ","0,00 ","0,00 ","0,00 ","36.697,46 ","0,00 ","0,00 ","8.892,51 ","0,00 ","8.892,51 ","27.804,95 ","0,00 ","0,00 ","27.804,95 ","0,00 ","0,00 ","0,00 ","177.243,30 ","0,00 ","0,00 ","0,00 ","0,00 ","2.872,00 ","2.872,00 ","0,00 ","174.371,30 ","0,00 ","174.371,30 ","7.165,68 ","7.165,68 ","7.165,68 ","0,00 ","0,00 ","0,00 ","0,00 ","0,00 ","0,00 ","0,00 ","0,00 ","0,00 ","0,00 ","0,00 ","0,00 ","0,00 ","0,00 ","0,00 ","0,00 ","0,00 ","0,00 ","0,00 ","0,00 ","0,00 ","0,00 ","0,00 ","0,00 ","0,00 ","0,00 ","0,00 ","0,00 ","0,00 ","0,00 ","1.433.985,87 ","1.433.985,87 ","28.370,84 ","678.758,98 ","125.853,00 ","0,00 ","0,00 ","601.003,05 ","0,00 ","0,00 ","0,00 ","0,00 ","0,00 ","0,00 ","0,00 ","0,00 ","0,00 ","0,00 ","0,00 ","0,00 ","0,00 ","0,00 ","0,00 ","0,00 ","32.682,12 ","0,00 ","0,00 ","32.682,12 ","6.424,68 ","26.257,44 ","0,00 ","0,00 ","0,00 ","0,00 ","0,00 ","0,00 ","0,00 ","409.692,23 ","29.794,69 ","0,00 ","0,00 ","29.794,69 ","328.009,97 ","155.172,00 ","0,00 ","23.957,97 ","0,00 ","148.880,00 ","44.513,86 ","0,00 ","0,00 ","44.513,86 ","7.373,71 ","0,00 ","7.373,71 ","0,00 ","0,00 ","0,00 ","0,00 ","0,00 ","0,00 ","0,00 ","0,00 ","0,00 ","0,00 ","0,00 ","0,00 ","6.202,61 ","6.202,61 ","6.202,61 ","0,00 ","0,00 ","0,00 ","0,00 ","0,00 ","0,00 ","0,00 ","0,00 ","0,00 ","0,00 ","0,00 ","0,00 ","0,00 ","0,00 ","0,00 ","0,00 ","245.946,02 ","138.347,38 ","138.347,38 ","0,00 ","107.598,64 ","107.598,64 ","0,00 ","0,00 ","0,00 ","0,00 ","0,00 ","0,00 ","0,00 ","0,00 ","0,00 ","0,00 ","0,00 ","0,00 ","0,00 ","0,00 ","0,00 ","0,00 ","0,00 ","0,00 ","0,00 ","0,00 ","0,00 ","0,00 ","0,00 ","0,00 ","0,00 ","0,00 ","0,00 ","0,00 ","0,00 ","0,00 ","6.096,00 ","6.096,00 ","0,00 ","6.096,00 ","0,00 ","0,00 ","2.355.711,29 "
203.,143 ,OBČINA ZAVRČ,"0,00 ","0,00 ","0,00 ","0,00 ","0,00 ","0,00 ","0,00 ","0,00 ","0,00 ","0,00 ","0,00 ","0,00 ","0,00 ","0,00 ","0,00 ","0,00 ","0,00 ","0,00 ","0,00 ","0,00 ","0,00 ","0,00 ","0,00 ","0,00 ","0,00 ","0,00 ","0,00 ","0,00 ","0,00 ","0,00 ","0,00 ","0,00 ","32.279,27 ","0,00 ","0,00 ","0,00 ","0,00 ","0,00 ","0,00 ","0,00 ","32.279,27 ","0,00 ","32.279,27 ","0,00 ","0,00 ","0,00 ","0,00 ","0,00 ","0,00 ","0,00 ","0,00 ","0,00 ","0,00 ","0,00 ","0,00 ","0,00 ","0,00 ","0,00 ","0,00 ","0,00 ","0,00 ","0,00 ","0,00 ","0,00 ","0,00 ","0,00 ","0,00 ","0,00 ","0,00 ","0,00 ","0,00 ","0,00 ","0,00 ","0,00 ","0,00 ","0,00 ","485.644,85 ","485.644,85 ","0,00 ","485.644,85 ","0,00 ","0,00 ","0,00 ","0,00 ","0,00 ","0,00 ","0,00 ","0,00 ","0,00 ","0,00 ","0,00 ","0,00 ","0,00 ","0,00 ","0,00 ","0,00 ","0,00 ","0,00 ","0,00 ","0,00 ","236.482,97 ","0,00 ","0,00 ","236.482,97 ","0,00 ","236.482,97 ","0,00 ","0,00 ","0,00 ","0,00 ","0,00 ","0,00 ","0,00 ","109.050,61 ","0,00 ","0,00 ","0,00 ","0,00 ","107.376,17 ","7.000,00 ","100.376,17 ","0,00 ","0,00 ","0,00 ","0,00 ","0,00 ","0,00 ","0,00 ","1.674,44 ","0,00 ","1.674,44 ","0,00 ","0,00 ","0,00 ","0,00 ","0,00 ","0,00 ","0,00 ","0,00 ","0,00 ","0,00 ","0,00 ","0,00 ","12.354,44 ","0,00 ","0,00 ","0,00 ","12.354,44 ","0,00 ","0,00 ","0,00 ","0,00 ","12.354,44 ","0,00 ","0,00 ","0,00 ","0,00 ","0,00 ","0,00 ","0,00 ","0,00 ","0,00 ","23.167,97 ","8.226,10 ","8.226,10 ","0,00 ","14.941,87 ","14.941,87 ","0,00 ","0,00 ","0,00 ","0,00 ","0,00 ","0,00 ","0,00 ","0,00 ","0,00 ","0,00 ","0,00 ","0,00 ","0,00 ","0,00 ","0,00 ","0,00 ","0,00 ","0,00 ","0,00 ","0,00 ","0,00 ","0,00 ","0,00 ","0,00 ","0,00 ","0,00 ","0,00 ","0,00 ","0,00 ","0,00 ","0,00 ","0,00 ","0,00 ","0,00 ","0,00 ","0,00 ","898.980,11 "
204.,144 ,OBČINA ZREČE,"0,00 ","0,00 ","0,00 ","0,00 ","0,00 ","0,00 ","0,00 ","0,00 ","0,00 ","0,00 ","0,00 ","0,00 ","0,00 ","0,00 ","0,00 ","0,00 ","0,00 ","0,00 ","0,00 ","37.517,37 ","0,00 ","0,00 ","0,00 ","0,00 ","0,00 ","37.517,37 ","0,00 ","0,00 ","37.517,37 ","0,00 ","0,00 ","0,00 ","58.974,03 ","0,00 ","0,00 ","0,00 ","0,00 ","4.003,39 ","4.003,39 ","0,00 ","54.970,64 ","5.836,74 ","49.133,90 ","0,00 ","0,00 ","0,00 ","0,00 ","181,85 ","181,85 ","181,85 ","0,00 ","0,00 ","0,00 ","0,00 ","1.692,13 ","1.692,13 ","0,00 ","1.692,13 ","0,00 ","0,00 ","0,00 ","0,00 ","0,00 ","0,00 ","0,00 ","0,00 ","0,00 ","0,00 ","0,00 ","0,00 ","0,00 ","0,00 ","0,00 ","0,00 ","0,00 ","0,00 ","416.833,06 ","416.833,06 ","13.582,80 ","280.657,73 ","0,00 ","92.622,89 ","0,00 ","29.969,64 ","0,00 ","0,00 ","0,00 ","0,00 ","0,00 ","0,00 ","0,00 ","0,00 ","0,00 ","0,00 ","0,00 ","0,00 ","0,00 ","0,00 ","0,00 ","0,00 ","813.513,48 ","0,00 ","0,00 ","773.720,14 ","0,00 ","773.720,14 ","0,00 ","0,00 ","0,00 ","39.793,34 ","39.793,34 ","0,00 ","0,00 ","621.128,25 ","51.759,82 ","0,00 ","0,00 ","51.759,82 ","208.752,78 ","70.079,37 ","44.744,20 ","93.929,21 ","0,00 ","0,00 ","15.800,87 ","0,00 ","6.730,00 ","9.070,87 ","344.814,78 ","0,00 ","344.814,78 ","0,00 ","0,00 ","0,00 ","0,00 ","0,00 ","0,00 ","0,00 ","0,00 ","0,00 ","0,00 ","0,00 ","0,00 ","1.416.333,34 ","19.666,20 ","19.666,20 ","0,00 ","27.590,04 ","0,00 ","0,00 ","0,00 ","0,00 ","27.590,04 ","0,00 ","0,00 ","0,00 ","0,00 ","0,00 ","0,00 ","1.369.077,10 ","1.369.077,10 ","0,00 ","0,00 ","0,00 ","0,00 ","0,00 ","0,00 ","0,00 ","0,00 ","0,00 ","0,00 ","0,00 ","0,00 ","0,00 ","0,00 ","0,00 ","0,00 ","0,00 ","0,00 ","0,00 ","0,00 ","0,00 ","0,00 ","0,00 ","0,00 ","0,00 ","0,00 ","0,00 ","0,00 ","0,00 ","0,00 ","0,00 ","0,00 ","0,00 ","16.440,64 ","16.440,64 ","16.440,64 ","0,00 ","0,00 ","0,00 ","0,00 ","0,00 ","0,00 ","0,00 ","3.382.614,15 "
205.,190 ,OBČINA ŽALEC,"0,00 ","0,00 ","0,00 ","0,00 ","0,00 ","0,00 ","0,00 ","0,00 ","0,00 ","0,00 ","0,00 ","0,00 ","0,00 ","1.500,00 ","1.500,00 ","0,00 ","1.500,00 ","0,00 ","0,00 ","65.838,30 ","0,00 ","0,00 ","0,00 ","0,00 ","0,00 ","65.838,30 ","0,00 ","0,00 ","65.838,30 ","0,00 ","0,00 ","0,00 ","183.218,95 ","0,00 ","0,00 ","0,00 ","0,00 ","25.058,42 ","25.058,42 ","0,00 ","158.160,53 ","0,00 ","158.160,53 ","6.249,62 ","6.249,62 ","6.249,62 ","0,00 ","0,00 ","0,00 ","0,00 ","0,00 ","0,00 ","0,00 ","0,00 ","0,00 ","0,00 ","0,00 ","0,00 ","0,00 ","0,00 ","0,00 ","0,00 ","0,00 ","0,00 ","0,00 ","0,00 ","0,00 ","0,00 ","0,00 ","0,00 ","0,00 ","0,00 ","0,00 ","0,00 ","0,00 ","0,00 ","1.733.486,23 ","1.635.969,31 ","19.539,97 ","1.506.780,16 ","50.351,94 ","59.297,24 ","0,00 ","0,00 ","97.516,92 ","97.516,92 ","0,00 ","0,00 ","0,00 ","0,00 ","0,00 ","0,00 ","1.591.942,87 ","0,00 ","0,00 ","0,00 ","0,00 ","1.591.942,87 ","0,00 ","1.591.942,87 ","6.850.404,75 ","0,00 ","0,00 ","6.832.305,23 ","0,00 ","6.832.305,23 ","0,00 ","11.940,00 ","11.940,00 ","6.159,52 ","6.159,52 ","0,00 ","0,00 ","388.350,01 ","316.015,04 ","0,00 ","0,00 ","316.015,04 ","17.044,47 ","0,00 ","0,00 ","0,00 ","10.718,55 ","6.325,92 ","0,00 ","0,00 ","0,00 ","0,00 ","55.290,50 ","0,00 ","55.290,50 ","0,00 ","0,00 ","0,00 ","0,00 ","0,00 ","0,00 ","0,00 ","0,00 ","0,00 ","0,00 ","0,00 ","0,00 ","0,00 ","0,00 ","0,00 ","0,00 ","0,00 ","0,00 ","0,00 ","0,00 ","0,00 ","0,00 ","0,00 ","0,00 ","0,00 ","0,00 ","0,00 ","0,00 ","0,00 ","0,00 ","0,00 ","224.172,34 ","0,00 ","0,00 ","0,00 ","224.172,34 ","224.172,34 ","0,00 ","0,00 ","0,00 ","0,00 ","0,00 ","0,00 ","0,00 ","0,00 ","0,00 ","0,00 ","0,00 ","0,00 ","0,00 ","0,00 ","14.808,00 ","0,00 ","0,00 ","0,00 ","0,00 ","14.808,00 ","0,00 ","0,00 ","14.808,00 ","0,00 ","0,00 ","0,00 ","0,00 ","0,00 ","0,00 ","0,00 ","0,00 ","0,00 ","0,00 ","0,00 ","0,00 ","0,00 ","11.059.971,07 "
206.,146 ,OBČINA ŽELEZNIKI,"0,00 ","0,00 ","0,00 ","0,00 ","0,00 ","0,00 ","0,00 ","0,00 ","0,00 ","0,00 ","0,00 ","0,00 ","0,00 ","0,00 ","0,00 ","0,00 ","0,00 ","0,00 ","0,00 ","4.630,75 ","0,00 ","0,00 ","4.630,75 ","4.630,75 ","0,00 ","0,00 ","0,00 ","0,00 ","0,00 ","0,00 ","0,00 ","0,00 ","33.703,03 ","0,00 ","0,00 ","0,00 ","0,00 ","12.342,55 ","12.342,55 ","0,00 ","21.360,48 ","38,75 ","21.321,73 ","5.999,82 ","5.999,82 ","5.999,82 ","0,00 ","0,00 ","0,00 ","0,00 ","0,00 ","0,00 ","0,00 ","0,00 ","28.995,54 ","0,00 ","0,00 ","0,00 ","0,00 ","0,00 ","0,00 ","0,00 ","0,00 ","28.995,54 ","28.995,54 ","0,00 ","0,00 ","11.700,00 ","0,00 ","0,00 ","0,00 ","0,00 ","0,00 ","0,00 ","11.700,00 ","11.700,00 ","2.835.037,01 ","1.484.759,09 ","808,85 ","1.405.024,13 ","35.262,42 ","43.663,69 ","0,00 ","0,00 ","0,00 ","0,00 ","0,00 ","0,00 ","0,00 ","0,00 ","1.350.277,92 ","1.350.277,92 ","11.168,04 ","0,00 ","0,00 ","0,00 ","0,00 ","11.168,04 ","0,00 ","11.168,04 ","737.546,10 ","0,00 ","0,00 ","737.546,10 ","51.628,86 ","685.917,24 ","0,00 ","0,00 ","0,00 ","0,00 ","0,00 ","0,00 ","0,00 ","1.130.675,96 ","26.316,00 ","0,00 ","0,00 ","26.316,00 ","1.082.981,44 ","380.925,48 ","23.075,83 ","485.697,85 ","0,00 ","193.282,28 ","21.378,52 ","0,00 ","17.656,66 ","3.721,86 ","0,00 ","0,00 ","0,00 ","1.199.604,68 ","1.199.604,68 ","1.199.604,68 ","0,00 ","0,00 ","0,00 ","0,00 ","0,00 ","0,00 ","0,00 ","0,00 ","0,00 ","226.141,89 ","77.462,33 ","77.462,33 ","0,00 ","148.679,56 ","0,00 ","0,00 ","0,00 ","0,00 ","148.679,56 ","0,00 ","0,00 ","0,00 ","0,00 ","0,00 ","0,00 ","0,00 ","0,00 ","0,00 ","355.305,39 ","4.612,80 ","4.612,80 ","0,00 ","350.692,59 ","350.692,59 ","0,00 ","0,00 ","0,00 ","0,00 ","0,00 ","0,00 ","0,00 ","0,00 ","0,00 ","0,00 ","0,00 ","0,00 ","0,00 ","0,00 ","0,00 ","0,00 ","0,00 ","0,00 ","0,00 ","0,00 ","0,00 ","0,00 ","0,00 ","0,00 ","0,00 ","0,00 ","0,00 ","0,00 ","0,00 ","0,00 ","1.589.408,48 ","1.589.408,48 ","0,00 ","1.589.408,48 ","0,00 ","0,00 ","8.169.916,69 "
207.,191 ,OBČINA ŽETALE,"0,00 ","0,00 ","0,00 ","0,00 ","0,00 ","0,00 ","0,00 ","0,00 ","0,00 ","0,00 ","0,00 ","0,00 ","0,00 ","0,00 ","0,00 ","0,00 ","0,00 ","0,00 ","0,00 ","224,21 ","0,00 ","0,00 ","0,00 ","0,00 ","0,00 ","224,21 ","0,00 ","0,00 ","224,21 ","0,00 ","0,00 ","0,00 ","8.834,25 ","0,00 ","0,00 ","0,00 ","0,00 ","0,00 ","0,00 ","0,00 ","8.834,25 ","0,00 ","8.834,25 ","0,00 ","0,00 ","0,00 ","0,00 ","0,00 ","0,00 ","0,00 ","0,00 ","0,00 ","0,00 ","0,00 ","0,00 ","0,00 ","0,00 ","0,00 ","0,00 ","0,00 ","0,00 ","0,00 ","0,00 ","0,00 ","0,00 ","0,00 ","0,00 ","5.280,00 ","0,00 ","0,00 ","0,00 ","0,00 ","5.280,00 ","5.280,00 ","0,00 ","0,00 ","555.223,80 ","555.223,80 ","0,00 ","555.223,80 ","0,00 ","0,00 ","0,00 ","0,00 ","0,00 ","0,00 ","0,00 ","0,00 ","0,00 ","0,00 ","0,00 ","0,00 ","0,00 ","0,00 ","0,00 ","0,00 ","0,00 ","0,00 ","0,00 ","0,00 ","17.433,44 ","0,00 ","0,00 ","17.433,44 ","17.433,44 ","0,00 ","0,00 ","0,00 ","0,00 ","0,00 ","0,00 ","0,00 ","0,00 ","67.495,64 ","111,12 ","0,00 ","0,00 ","111,12 ","67.103,72 ","0,00 ","63.848,51 ","0,00 ","0,00 ","3.255,21 ","0,00 ","0,00 ","0,00 ","0,00 ","280,80 ","0,00 ","280,80 ","0,00 ","0,00 ","0,00 ","0,00 ","0,00 ","0,00 ","0,00 ","0,00 ","0,00 ","0,00 ","0,00 ","0,00 ","0,00 ","0,00 ","0,00 ","0,00 ","0,00 ","0,00 ","0,00 ","0,00 ","0,00 ","0,00 ","0,00 ","0,00 ","0,00 ","0,00 ","0,00 ","0,00 ","0,00 ","0,00 ","0,00 ","0,00 ","0,00 ","0,00 ","0,00 ","0,00 ","0,00 ","0,00 ","0,00 ","0,00 ","0,00 ","0,00 ","0,00 ","0,00 ","0,00 ","0,00 ","0,00 ","0,00 ","0,00 ","0,00 ","0,00 ","0,00 ","0,00 ","0,00 ","0,00 ","0,00 ","0,00 ","0,00 ","0,00 ","0,00 ","0,00 ","0,00 ","0,00 ","0,00 ","0,00 ","0,00 ","0,00 ","14.232,00 ","14.232,00 ","0,00 ","14.232,00 ","0,00 ","0,00 ","668.723,34 "
208.,147 ,OBČINA ŽIRI,"0,00 ","0,00 ","0,00 ","0,00 ","0,00 ","0,00 ","0,00 ","0,00 ","0,00 ","0,00 ","0,00 ","0,00 ","0,00 ","0,00 ","0,00 ","0,00 ","0,00 ","0,00 ","0,00 ","77.394,45 ","0,00 ","0,00 ","3.920,42 ","1.451,42 ","2.469,00 ","73.474,03 ","0,00 ","0,00 ","73.474,03 ","0,00 ","0,00 ","0,00 ","442,90 ","0,00 ","0,00 ","0,00 ","0,00 ","0,00 ","0,00 ","0,00 ","442,90 ","0,00 ","442,90 ","0,00 ","0,00 ","0,00 ","0,00 ","0,00 ","0,00 ","0,00 ","0,00 ","0,00 ","0,00 ","0,00 ","0,00 ","0,00 ","0,00 ","0,00 ","0,00 ","0,00 ","0,00 ","0,00 ","0,00 ","0,00 ","0,00 ","0,00 ","0,00 ","0,00 ","0,00 ","0,00 ","0,00 ","0,00 ","0,00 ","0,00 ","0,00 ","0,00 ","219.008,48 ","219.008,48 ","360,00 ","218.648,48 ","0,00 ","0,00 ","0,00 ","0,00 ","0,00 ","0,00 ","0,00 ","0,00 ","0,00 ","0,00 ","0,00 ","0,00 ","0,00 ","0,00 ","0,00 ","0,00 ","0,00 ","0,00 ","0,00 ","0,00 ","93.029,28 ","0,00 ","0,00 ","93.029,28 ","34.151,04 ","58.878,24 ","0,00 ","0,00 ","0,00 ","0,00 ","0,00 ","0,00 ","0,00 ","495.944,84 ","0,00 ","0,00 ","0,00 ","0,00 ","63.479,04 ","40.754,73 ","22.724,31 ","0,00 ","0,00 ","0,00 ","7.162,43 ","0,00 ","0,00 ","7.162,43 ","425.303,37 ","386.660,80 ","38.642,57 ","2.257,30 ","2.257,30 ","2.257,30 ","0,00 ","0,00 ","0,00 ","0,00 ","0,00 ","0,00 ","0,00 ","0,00 ","0,00 ","643.345,08 ","259.669,17 ","259.669,17 ","0,00 ","63.843,93 ","62.277,93 ","0,00 ","0,00 ","0,00 ","1.566,00 ","0,00 ","0,00 ","0,00 ","0,00 ","0,00 ","0,00 ","319.831,98 ","319.831,98 ","0,00 ","54.805,82 ","17.942,78 ","17.942,78 ","0,00 ","36.863,04 ","36.863,04 ","0,00 ","0,00 ","0,00 ","0,00 ","0,00 ","0,00 ","0,00 ","0,00 ","0,00 ","0,00 ","0,00 ","0,00 ","0,00 ","0,00 ","0,00 ","0,00 ","0,00 ","0,00 ","0,00 ","0,00 ","0,00 ","0,00 ","0,00 ","0,00 ","0,00 ","0,00 ","0,00 ","0,00 ","0,00 ","0,00 ","0,00 ","0,00 ","0,00 ","0,00 ","0,00 ","0,00 ","1.586.228,15 "
209.,192 ,OBČINA ŽIROVNICA,"0,00 ","0,00 ","0,00 ","0,00 ","0,00 ","0,00 ","0,00 ","0,00 ","0,00 ","0,00 ","0,00 ","0,00 ","0,00 ","0,00 ","0,00 ","0,00 ","0,00 ","0,00 ","0,00 ","1.812,56 ","0,00 ","0,00 ","0,00 ","0,00 ","0,00 ","1.812,56 ","0,00 ","0,00 ","1.812,56 ","0,00 ","0,00 ","0,00 ","13.615,22 ","0,00 ","0,00 ","0,00 ","0,00 ","0,00 ","0,00 ","0,00 ","13.615,22 ","0,00 ","13.615,22 ","1.680,00 ","1.680,00 ","1.680,00 ","0,00 ","0,00 ","0,00 ","0,00 ","0,00 ","0,00 ","0,00 ","0,00 ","0,00 ","0,00 ","0,00 ","0,00 ","0,00 ","0,00 ","0,00 ","0,00 ","0,00 ","0,00 ","0,00 ","0,00 ","0,00 ","0,00 ","0,00 ","0,00 ","0,00 ","0,00 ","0,00 ","0,00 ","0,00 ","0,00 ","242.204,75 ","242.204,75 ","0,00 ","156.066,82 ","9.233,68 ","76.904,25 ","0,00 ","0,00 ","0,00 ","0,00 ","0,00 ","0,00 ","0,00 ","0,00 ","0,00 ","0,00 ","0,00 ","0,00 ","0,00 ","0,00 ","0,00 ","0,00 ","0,00 ","0,00 ","888.142,18 ","0,00 ","0,00 ","888.142,18 ","25.715,58 ","862.426,60 ","0,00 ","0,00 ","0,00 ","0,00 ","0,00 ","0,00 ","0,00 ","305.178,98 ","0,00 ","0,00 ","0,00 ","0,00 ","291.875,59 ","282.276,65 ","9.598,94 ","0,00 ","0,00 ","0,00 ","6.811,30 ","0,00 ","6.811,30 ","0,00 ","6.492,09 ","0,00 ","6.492,09 ","0,00 ","0,00 ","0,00 ","0,00 ","0,00 ","0,00 ","0,00 ","0,00 ","0,00 ","0,00 ","0,00 ","0,00 ","805.351,74 ","35.629,84 ","35.629,84 ","0,00 ","0,00 ","0,00 ","0,00 ","0,00 ","0,00 ","0,00 ","0,00 ","0,00 ","0,00 ","0,00 ","0,00 ","0,00 ","769.721,90 ","769.721,90 ","0,00 ","14.288,00 ","0,00 ","0,00 ","0,00 ","14.288,00 ","14.288,00 ","0,00 ","0,00 ","0,00 ","0,00 ","0,00 ","0,00 ","0,00 ","0,00 ","0,00 ","0,00 ","0,00 ","0,00 ","0,00 ","0,00 ","0,00 ","0,00 ","0,00 ","0,00 ","0,00 ","0,00 ","0,00 ","0,00 ","0,00 ","0,00 ","0,00 ","0,00 ","0,00 ","0,00 ","0,00 ","0,00 ","0,00 ","0,00 ","0,00 ","0,00 ","0,00 ","0,00 ","2.272.273,43 "
210.,193 ,OBČINA ŽUŽEMBERK,"0,00 ","0,00 ","0,00 ","0,00 ","0,00 ","0,00 ","0,00 ","0,00 ","0,00 ","0,00 ","0,00 ","0,00 ","0,00 ","0,00 ","0,00 ","0,00 ","0,00 ","0,00 ","0,00 ","3.893,40 ","0,00 ","0,00 ","3.893,40 ","3.893,40 ","0,00 ","0,00 ","0,00 ","0,00 ","0,00 ","0,00 ","0,00 ","0,00 ","4.379,06 ","0,00 ","0,00 ","0,00 ","0,00 ","0,00 ","0,00 ","0,00 ","4.379,06 ","0,00 ","4.379,06 ","0,00 ","0,00 ","0,00 ","0,00 ","0,00 ","0,00 ","0,00 ","0,00 ","0,00 ","0,00 ","0,00 ","0,00 ","0,00 ","0,00 ","0,00 ","0,00 ","0,00 ","0,00 ","0,00 ","0,00 ","0,00 ","0,00 ","0,00 ","0,00 ","0,00 ","0,00 ","0,00 ","0,00 ","0,00 ","0,00 ","0,00 ","0,00 ","0,00 ","428.438,84 ","428.438,84 ","0,00 ","411.081,99 ","0,00 ","17.356,85 ","0,00 ","0,00 ","0,00 ","0,00 ","0,00 ","0,00 ","0,00 ","0,00 ","0,00 ","0,00 ","1.058,80 ","0,00 ","0,00 ","0,00 ","0,00 ","1.058,80 ","0,00 ","1.058,80 ","0,00 ","0,00 ","0,00 ","0,00 ","0,00 ","0,00 ","0,00 ","0,00 ","0,00 ","0,00 ","0,00 ","0,00 ","0,00 ","1.076.526,06 ","950.936,89 ","0,00 ","0,00 ","950.936,89 ","2.897,23 ","0,00 ","2.897,23 ","0,00 ","0,00 ","0,00 ","0,00 ","0,00 ","0,00 ","0,00 ","122.691,94 ","0,00 ","122.691,94 ","0,00 ","0,00 ","0,00 ","0,00 ","0,00 ","0,00 ","0,00 ","0,00 ","0,00 ","0,00 ","0,00 ","0,00 ","250.870,82 ","250.870,82 ","250.870,82 ","0,00 ","0,00 ","0,00 ","0,00 ","0,00 ","0,00 ","0,00 ","0,00 ","0,00 ","0,00 ","0,00 ","0,00 ","0,00 ","0,00 ","0,00 ","0,00 ","14.075,09 ","0,00 ","0,00 ","0,00 ","14.075,09 ","14.075,09 ","0,00 ","0,00 ","0,00 ","0,00 ","0,00 ","0,00 ","0,00 ","0,00 ","0,00 ","0,00 ","0,00 ","0,00 ","0,00 ","0,00 ","0,00 ","0,00 ","0,00 ","0,00 ","0,00 ","0,00 ","0,00 ","0,00 ","0,00 ","0,00 ","0,00 ","0,00 ","0,00 ","0,00 ","0,00 ","0,00 ","0,00 ","0,00 ","0,00 ","0,00 ","0,00 ","0,00 ","1.779.242,07 "
,,SKUPAJ VSE OBČINE,"68.184,24 ","68.184,24 ","65.730,00 ","0,00 ","2.454,24 ","0,00 ","12.115,47 ","0,00 ","0,00 ","12.115,47 ","12.115,47 ","0,00 ","0,00 ","30.076,60 ","30.076,60 ","0,00 ","30.076,60 ","0,00 ","0,00 ","26.660.987,87 ","0,00 ","0,00 ","3.784.888,26 ","3.098.132,75 ","686.755,51 ","22.876.099,61 ","32.303,01 ","51.446,60 ","22.792.350,00 ","30.127,76 ","30.127,76 ","30.127,76 ","19.427.573,57 ","156.467,09 ","23.233,69 ","0,00 ","133.233,40 ","2.306.522,73 ","2.280.661,62 ","25.861,11 ","16.964.583,75 ","786.976,64 ","16.177.607,11 ","2.165.254,13 ","2.165.254,13 ","976.496,35 ","1.188.757,78 ","77.107,19 ","77.107,19 ","75.907,19 ","1.200,00 ","553,05 ","553,05 ","553,05 ","4.056.148,80 ","2.919.489,96 ","53.151,05 ","1.059.519,06 ","1.776.178,67 ","30.641,18 ","640.205,77 ","0,00 ","640.205,77 ","413.263,29 ","413.263,29 ","83.189,78 ","83.189,78 ","1.094.143,48 ","323.096,21 ","323.096,21 ","465.484,95 ","465.484,95 ","130.443,26 ","130.443,26 ","175.119,06 ","175.119,06 ","227.374.600,88 ","214.537.310,75 ","4.316.233,77 ","177.098.821,44 ","14.512.153,32 ","7.073.458,59 ","227.389,80 ","11.309.253,83 ","570.104,41 ","570.104,41 ","0,00 ","0,00 ","211.474,31 ","211.474,31 ","12.055.711,41 ","12.055.711,41 ","20.158.207,51 ","0,00 ","0,00 ","10.633.274,34 ","10.633.274,34 ","9.524.933,17 ","773.554,86 ","8.751.378,31 ","163.835.118,35 ","16.723,07 ","16.723,07 ","144.293.925,91 ","20.201.862,65 ","123.637.333,35 ","454.729,91 ","19.078.572,00 ","19.078.572,00 ","272.429,29 ","272.429,29 ","173.468,08 ","173.468,08 ","184.862.912,39 ","12.319.724,26 ","574.743,55 ","458.505,87 ","11.286.474,84 ","64.532.944,54 ","37.686.721,40 ","8.177.843,69 ","12.086.460,51 ","107.540,61 ","6.474.378,33 ","17.016.540,03 ","140.839,55 ","15.530.780,27 ","1.344.920,21 ","90.993.703,56 ","32.529.916,21 ","58.463.787,35 ","4.119.135,16 ","4.083.631,07 ","4.083.631,07 ","0,00 ","0,00 ","0,00 ","0,00 ","35.504,09 ","35.504,09 ","0,00 ","0,00 ","0,00 ","80.253.460,17 ","14.124.011,23 ","13.990.087,16 ","133.924,07 ","43.873.215,36 ","1.550.686,45 ","4.753.904,21 ","3.918.706,08 ","656.475,13 ","32.932.603,49 ","60.840,00 ","59.966,97 ","10.360,83 ","0,00 ","25.218,40 ","24.387,74 ","22.196.266,61 ","21.001.445,01 ","1.194.821,60 ","91.043.606,72 ","28.102.747,18 ","28.102.747,18 ","0,00 ","62.218.373,49 ","60.835.259,72 ","1.362.551,72 ","17.561,55 ","3.000,50 ","706.049,36 ","0,00 ","706.049,36 ","6.186,96 ","0,00 ","6.186,96 ","10.249,73 ","10.249,73 ","0,00 ","0,00 ","0,00 ","4.125.668,62 ","13.507,20 ","13.507,20 ","13.625,75 ","13.625,75 ","4.098.535,67 ","12.389,20 ","53.503,44 ","3.682.716,03 ","149.639,40 ","0,00 ","200.287,60 ","16.630,12 ","16.630,12 ","16.630,12 ","0,00 ","5.320.737,85 ","5.310.637,86 ","0,00 ","5.310.637,86 ","10.099,99 ","10.099,99 ","834.732.349,93 "
